-- Generated Following Cinematic
local Players = game:GetService('Players')
local RunService = game:GetService('RunService')

local player = Players.LocalPlayer
local camera = workspace.CurrentCamera

local root = player.Character:WaitForChild('HumanoidRootPart')

camera.CameraType = Enum.CameraType.Scriptable

local frames = {
	{cf=CFrame.new(-0.100464,3.263327,-9.069702,-0.999790,0.001081,-0.020472,-0.004203,0.966590,0.256293,0.020065,0.256325,-0.966383),fov=45.259186,dt=0.039069},
	{cf=CFrame.new(0.274292,3.219761,-9.281006,-0.999642,-0.013708,0.022971,-0.007374,0.966660,0.255958,-0.025714,0.255697,-0.966415),fov=42.803753,dt=0.020326},
	{cf=CFrame.new(0.790894,3.163801,-9.700806,-0.995759,-0.040281,0.082716,-0.017875,0.966630,0.255553,-0.090249,0.252991,-0.963250),fov=39.031761,dt=0.049067},
	{cf=CFrame.new(0.906128,3.149645,-9.859131,-0.994135,-0.049448,0.096178,-0.023381,0.966586,0.255275,-0.105587,0.251529,-0.962073),fov=37.962723,dt=0.022891},
	{cf=CFrame.new(0.964844,3.138773,-10.004517,-0.992992,-0.057440,0.103282,-0.029406,0.966542,0.254817,-0.114464,0.249995,-0.961458),fov=37.173367,dt=0.023020},
	{cf=CFrame.new(0.951172,3.131002,-10.126465,-0.992710,-0.063659,0.102348,-0.035790,0.966535,0.254025,-0.115093,0.248510,-0.961767),fov=36.753395,dt=0.015953},
	{cf=CFrame.new(0.938721,3.120281,-10.230713,-0.992416,-0.069099,0.101664,-0.041364,0.966541,0.253153,-0.115755,0.247028,-0.962070),fov=36.361538,dt=0.018793},
	{cf=CFrame.new(0.894897,3.108578,-10.324219,-0.992488,-0.073814,0.097568,-0.047116,0.966582,0.251990,-0.112908,0.245500,-0.962799),fov=36.113434,dt=0.014946},
	{cf=CFrame.new(0.838013,3.092739,-10.416016,-0.992639,-0.078497,0.092224,-0.053168,0.966655,0.250501,-0.108812,0.243754,-0.963714),fov=35.883503,dt=0.017186},
	{cf=CFrame.new(0.785278,3.078587,-10.482300,-0.992820,-0.081884,0.087202,-0.057846,0.966730,0.249173,-0.104704,0.242340,-0.964525),fov=35.738075,dt=0.013363},
	{cf=CFrame.new(0.668823,3.048227,-10.581909,-0.993309,-0.087038,0.075909,-0.065903,0.966941,0.246337,-0.094840,0.239686,-0.966207),fov=35.581108,dt=0.017765},
	{cf=CFrame.new(0.592285,3.026152,-10.640137,-0.993566,-0.090160,0.068535,-0.070902,0.967092,0.244348,-0.088310,0.237917,-0.967263),fov=35.484028,dt=0.013582},
	{cf=CFrame.new(0.473755,2.990517,-10.711182,-0.993926,-0.094100,0.057061,-0.077739,0.967361,0.241183,-0.077894,0.235282,-0.968801),fov=35.388054,dt=0.016419},
	{cf=CFrame.new(0.340088,2.947710,-10.775513,-0.994219,-0.097895,0.044104,-0.084751,0.967699,0.237435,-0.065923,0.232325,-0.970402),fov=35.311932,dt=0.016224},
	{cf=CFrame.new(0.191650,2.896914,-10.832886,-0.994384,-0.101578,0.029705,-0.091933,0.968111,0.233043,-0.052430,0.229003,-0.972013),fov=35.249313,dt=0.016648},
	{cf=CFrame.new(0.027954,2.837564,-10.881714,-0.994364,-0.105125,0.013746,-0.099250,0.968604,0.227937,-0.037276,0.225288,-0.973579),fov=35.204216,dt=0.014824},
	{cf=CFrame.new(-0.149658,2.768507,-10.922852,-0.994073,-0.108659,-0.003583,-0.106738,0.969177,0.222042,-0.020655,0.221108,-0.975031),fov=35.158997,dt=0.018599},
	{cf=CFrame.new(-0.342651,2.689434,-10.953857,-0.993440,-0.112111,-0.022546,-0.114333,0.969837,0.215278,-0.002269,0.216444,-0.976293),fov=35.127277,dt=0.016535},
	{cf=CFrame.new(-0.551025,2.599558,-10.973877,-0.992365,-0.115546,-0.043140,-0.122032,0.970580,0.207563,0.017888,0.211243,-0.977270),fov=35.104279,dt=0.014805},
	{cf=CFrame.new(-0.773926,2.497990,-10.982788,-0.990736,-0.119053,-0.065341,-0.129842,0.971400,0.198803,0.039805,0.205445,-0.977859),fov=35.083145,dt=0.016830},
	{cf=CFrame.new(-1.011841,2.384220,-10.978760,-0.988425,-0.122674,-0.089258,-0.137730,0.972288,0.188907,0.063610,0.199014,-0.977930),fov=35.067360,dt=0.015641},
	{cf=CFrame.new(-1.264526,2.257521,-10.961182,-0.985288,-0.126510,-0.114901,-0.145692,0.973227,0.177774,0.089334,0.191899,-0.977340),fov=35.053513,dt=0.017103},
	{cf=CFrame.new(-1.531738,2.117418,-10.928223,-0.981160,-0.130649,-0.142325,-0.153701,0.974191,0.165310,0.117054,0.184071,-0.975919),fov=35.043003,dt=0.016242},
	{cf=CFrame.new(-1.812988,1.963404,-10.878906,-0.975854,-0.135222,-0.171533,-0.161739,0.975148,0.151417,0.146795,0.175505,-0.973473),fov=35.034340,dt=0.016702},
	{cf=CFrame.new(-2.106079,1.793552,-10.814575,-0.969187,-0.140564,-0.202284,-0.169928,0.976037,0.135927,0.178331,0.166113,-0.969848),fov=35.000000,dt=0.017808},
	{cf=CFrame.new(-2.413696,1.610987,-10.727905,-0.960892,-0.146401,-0.235061,-0.177922,0.976832,0.118925,0.212204,0.156097,-0.964678),fov=35.000000,dt=0.016481},
	{cf=CFrame.new(-2.732544,1.413864,-10.621094,-0.950756,-0.153148,-0.269459,-0.185864,0.977446,0.100267,0.248026,0.145412,-0.957778),fov=35.000000,dt=0.016017},
	{cf=CFrame.new(-3.067871,1.197821,-10.420776,-0.937687,-0.160557,-0.308163,-0.193714,0.977791,0.079997,0.288475,0.134708,-0.947964),fov=35.000000,dt=0.016259},
	{cf=CFrame.new(-3.421387,0.961088,-10.074219,-0.919942,-0.168635,-0.353935,-0.201435,0.977802,0.057686,0.336350,0.124362,-0.933490),fov=35.000000,dt=0.019072},
	{cf=CFrame.new(-3.785522,0.707994,-9.610474,-0.896122,-0.178000,-0.406548,-0.208978,0.977373,0.032708,0.391527,0.114270,-0.913044),fov=35.000000,dt=0.014917},
	{cf=CFrame.new(-4.151611,0.443449,-9.058228,-0.864743,-0.189324,-0.465161,-0.216274,0.976321,0.004689,0.453259,0.104657,-0.885213),fov=35.000000,dt=0.016606},
	{cf=CFrame.new(-4.507935,0.173292,-8.447388,-0.824640,-0.203194,-0.527902,-0.223237,0.974408,-0.026337,0.519744,0.096128,-0.848897),fov=35.000000,dt=0.017276},
	{cf=CFrame.new(-4.840332,-0.095217,-7.809814,-0.775710,-0.219851,-0.591557,-0.229776,0.971410,-0.059716,0.587772,0.089603,-0.804049),fov=35.000000,dt=0.015827},
	{cf=CFrame.new(-5.131714,-0.353106,-7.182129,-0.719913,-0.238878,-0.651662,-0.235827,0.967235,-0.094031,0.652772,0.085985,-0.752659),fov=35.000000,dt=0.016658},
	{cf=CFrame.new(-5.363525,-0.589870,-6.607300,-0.662113,-0.259091,-0.703191,-0.241390,0.962058,-0.127182,0.709462,0.085535,-0.699534),fov=35.000000,dt=0.017962},
	{cf=CFrame.new(-5.546631,-0.801050,-6.096802,-0.604982,-0.278983,-0.745765,-0.246516,0.956217,-0.157732,0.757117,0.088418,-0.647268),fov=35.000000,dt=0.017675},
	{cf=CFrame.new(-5.703369,-0.989408,-5.630859,-0.547715,-0.297544,-0.781969,-0.251246,0.949983,-0.185494,0.798049,0.094869,-0.595077),fov=35.000000,dt=0.014672},
	{cf=CFrame.new(-5.834106,-1.155037,-5.211182,-0.492191,-0.314104,-0.811841,-0.255642,0.943662,-0.210119,0.832103,0.104122,-0.544760),fov=35.000000,dt=0.016688},
	{cf=CFrame.new(-5.940552,-1.298630,-4.837891,-0.439988,-0.328321,-0.835833,-0.259757,0.937509,-0.231522,0.859615,0.115246,-0.497776),fov=35.000000,dt=0.016939},
	{cf=CFrame.new(-6.025024,-1.421360,-4.510498,-0.392263,-0.340161,-0.854646,-0.263632,0.931709,-0.249832,0.881265,0.127312,-0.455153),fov=35.000000,dt=0.016361},
	{cf=CFrame.new(-6.089844,-1.524738,-4.227661,-0.349734,-0.349826,-0.869085,-0.267291,0.926369,-0.265322,0.897910,0.139506,-0.417488),fov=35.000000,dt=0.016350},
	{cf=CFrame.new(-6.137085,-1.610458,-3.986816,-0.312714,-0.357657,-0.879938,-0.270738,0.921533,-0.278348,0.910445,0.151190,-0.385008),fov=35.000000,dt=0.016403},
	{cf=CFrame.new(-6.169312,-1.680292,-3.784912,-0.281195,-0.364058,-0.887914,-0.273967,0.917195,-0.289301,0.919713,0.161909,-0.357650),fov=35.000000,dt=0.016831},
	{cf=CFrame.new(-6.187622,-1.737637,-3.618286,-0.254708,-0.370128,-0.893381,-0.276886,0.913085,-0.299349,0.926530,0.171118,-0.335054),fov=35.000000,dt=0.017300},
	{cf=CFrame.new(-6.193726,-1.784973,-3.482910,-0.232709,-0.376603,-0.896670,-0.279422,0.908999,-0.309264,0.931542,0.178581,-0.316764),fov=35.000000,dt=0.016993},
	{cf=CFrame.new(-6.189087,-1.822710,-3.374878,-0.214803,-0.383305,-0.898297,-0.281585,0.905015,-0.318839,0.935184,0.184460,-0.302332),fov=35.000000,dt=0.016426},
	{cf=CFrame.new(-6.175537,-1.851255,-3.290039,-0.200534,-0.390003,-0.898712,-0.283389,0.901221,-0.327858,0.937804,0.188938,-0.291248),fov=35.000000,dt=0.015609},
	{cf=CFrame.new(-6.154297,-1.871037,-3.224243,-0.189410,-0.396430,-0.898314,-0.284853,0.897715,-0.336104,0.939672,0.192226,-0.282960),fov=35.000000,dt=0.018034},
	{cf=CFrame.new(-6.126831,-1.882519,-3.173218,-0.180913,-0.402290,-0.897459,-0.285998,0.894601,-0.343356,0.940997,0.194554,-0.276900),fov=35.000000,dt=0.015614},
	{cf=CFrame.new(-6.094482,-1.886208,-3.132812,-0.174514,-0.407272,-0.896479,-0.286849,0.891988,-0.349392,0.941946,0.196180,-0.272490),fov=35.000000,dt=0.017249},
	{cf=CFrame.new(-6.058228,-1.882666,-3.098999,-0.169672,-0.411053,-0.895682,-0.287429,0.889986,-0.353991,0.942654,0.197383,-0.269154),fov=35.000000,dt=0.016311},
	{cf=CFrame.new(-6.019287,-1.872517,-3.067749,-0.165843,-0.413302,-0.895364,-0.287761,0.888705,-0.356928,0.943234,0.198457,-0.266318),fov=35.000000,dt=0.016813},
	{cf=CFrame.new(-5.978516,-1.856445,-3.035034,-0.162479,-0.413675,-0.895809,-0.287866,0.888250,-0.357973,0.943787,0.199710,-0.263405),fov=35.000000,dt=0.016015},
	{cf=CFrame.new(-5.936035,-1.836952,-2.997803,-0.158805,-0.412912,-0.896819,-0.287864,0.888244,-0.357991,0.944413,0.201311,-0.259920),fov=35.000000,dt=0.016575},
	{cf=CFrame.new(-5.890991,-1.815994,-2.955688,-0.154452,-0.411996,-0.898000,-0.287862,0.888238,-0.358006,0.945135,0.203206,-0.255788),fov=35.000000,dt=0.016405},
	{cf=CFrame.new(-5.843018,-1.793503,-2.909180,-0.149476,-0.410930,-0.899330,-0.287861,0.888235,-0.358015,0.945935,0.205367,-0.251060),fov=35.000000,dt=0.017142},
	{cf=CFrame.new(-5.791748,-1.769415,-2.858765,-0.143933,-0.409720,-0.900784,-0.287861,0.888235,-0.358016,0.946794,0.207770,-0.245789),fov=35.000000,dt=0.016859},
	{cf=CFrame.new(-5.736816,-1.743660,-2.804932,-0.137884,-0.408373,-0.902341,-0.287862,0.888239,-0.358004,0.947694,0.210387,-0.240030),fov=35.000000,dt=0.016478},
	{cf=CFrame.new(-5.678223,-1.716179,-2.748047,-0.131384,-0.406895,-0.903977,-0.287865,0.888249,-0.357977,0.948616,0.213191,-0.233833),fov=35.000000,dt=0.016744},
	{cf=CFrame.new(-5.631104,-1.694223,-2.703613,-0.126217,-0.405694,-0.905252,-0.287869,0.888261,-0.357943,0.949316,0.215416,-0.228901),fov=35.000000,dt=0.016544},
	{cf=CFrame.new(-5.548096,-1.655781,-2.627441,-0.117270,-0.403573,-0.907401,-0.287878,0.888289,-0.357868,0.950460,0.219254,-0.220349),fov=35.000000,dt=0.016647},
	{cf=CFrame.new(-5.475952,-1.622747,-2.564697,-0.109771,-0.401745,-0.909148,-0.287888,0.888320,-0.357782,0.951352,0.222459,-0.213170),fov=35.000000,dt=0.016823},
	{cf=CFrame.new(-5.398926,-1.587748,-2.500854,-0.102056,-0.399820,-0.910894,-0.287901,0.888360,-0.357672,0.952207,0.225745,-0.205771),fov=35.000000,dt=0.016156},
	{cf=CFrame.new(-5.316406,-1.550728,-2.436523,-0.094184,-0.397808,-0.912622,-0.287917,0.888408,-0.357540,0.953013,0.229084,-0.198209),fov=35.000000,dt=0.017281},
	{cf=CFrame.new(-5.228516,-1.511633,-2.372070,-0.086212,-0.395722,-0.914315,-0.287935,0.888465,-0.357384,0.953761,0.232452,-0.190539),fov=35.000000,dt=0.016798},
	{cf=CFrame.new(-5.134644,-1.470411,-2.307739,-0.078201,-0.393575,-0.915960,-0.287956,0.888530,-0.357204,0.954445,0.235823,-0.182817),fov=35.000000,dt=0.016023},
	{cf=CFrame.new(-5.059814,-1.437864,-2.260132,-0.072205,-0.391933,-0.917156,-0.287974,0.888586,-0.357053,0.954912,0.238336,-0.177027),fov=35.000000,dt=0.016672},
	{cf=CFrame.new(-4.928467,-1.381390,-2.181885,-0.062284,-0.389162,-0.919061,-0.288006,0.888684,-0.356781,0.955601,0.242473,-0.167432),fov=35.000000,dt=0.017071},
	{cf=CFrame.new(-4.843994,-1.345465,-2.136230,-0.056442,-0.387490,-0.920144,-0.288027,0.888749,-0.356602,0.955958,0.244899,-0.161770),fov=35.000000,dt=0.015943},
	{cf=CFrame.new(-4.696167,-1.283260,-2.061890,-0.046889,-0.384706,-0.921847,-0.288064,0.888863,-0.356289,0.956463,0.248845,-0.152498),fov=35.000000,dt=0.017060},
	{cf=CFrame.new(-4.569458,-1.230656,-2.005005,-0.039525,-0.382508,-0.923106,-0.288095,0.888959,-0.356023,0.956786,0.251870,-0.145335),fov=35.000000,dt=0.017193},
	{cf=CFrame.new(-4.435669,-1.175619,-1.950439,-0.032460,-0.380352,-0.924272,-0.288120,0.889063,-0.355744,0.957044,0.254753,-0.138446),fov=35.000000,dt=0.016839},
	{cf=CFrame.new(-4.294312,-1.118095,-1.898560,-0.025736,-0.378279,-0.925334,-0.288159,0.889158,-0.355475,0.957237,0.257495,-0.131888),fov=35.000000,dt=0.016904},
	{cf=CFrame.new(-4.145264,-1.058029,-1.849487,-0.019416,-0.376290,-0.926298,-0.288191,0.889257,-0.355202,0.957376,0.260054,-0.125710),fov=35.000000,dt=0.016681},
	{cf=CFrame.new(-4.009888,-0.945021,-1.781860,-0.012463,-0.368023,-0.929733,-0.288910,0.891474,-0.349006,0.957275,0.264260,-0.117436),fov=35.000000,dt=0.015969},
	{cf=CFrame.new(-3.823608,-0.930019,-1.760254,-0.008182,-0.372677,-0.927925,-0.288252,0.889445,-0.354680,0.957520,0.264575,-0.114702),fov=35.000000,dt=0.017191},
	{cf=CFrame.new(-3.680420,-0.784721,-1.703857,-0.003795,-0.360958,-0.932574,-0.289425,0.893063,-0.344488,0.957193,0.268603,-0.107859),fov=35.000000,dt=0.016143},
	{cf=CFrame.new(-3.468872,-0.791052,-1.683350,0.000840,-0.369702,-0.929150,-0.288305,0.889608,-0.354229,0.957538,0.268176,-0.105839),fov=35.000000,dt=0.016443},
	{cf=CFrame.new(-3.305908,-0.585278,-1.616333,0.004174,-0.349978,-0.936749,-0.290368,0.895972,-0.336037,0.956906,0.273404,-0.097882),fov=35.000000,dt=0.017486},
	{cf=CFrame.new(-2.598267,-0.456308,-1.556274,0.011100,-0.366240,-0.930454,-0.288369,0.889805,-0.353680,0.957455,0.272240,-0.095736),fov=35.000000,dt=0.019809},
	{cf=CFrame.new(-0.918335,2.125561,-4.122681,0.102347,-0.246457,-0.963734,-0.295377,0.917596,-0.266026,0.949883,0.311892,0.021115),fov=35.000000,dt=0.013712},
	{cf=CFrame.new(-1.819946,4.076340,-6.849365,0.692636,-0.166061,-0.701910,-0.296322,0.821711,-0.486811,0.657608,0.545175,0.519939),fov=35.000000,dt=0.016100},
	{cf=CFrame.new(-4.096558,4.412086,-7.836548,0.968934,0.184705,-0.164470,-0.246882,0.761825,-0.598891,0.014680,0.620891,0.783759),fov=35.000000,dt=0.016941},
	{cf=CFrame.new(-4.475708,3.853359,-7.309692,0.968020,0.197591,-0.154580,-0.250828,0.773991,-0.581398,0.004765,0.601578,0.798800),fov=35.000000,dt=0.017087},
	{cf=CFrame.new(-4.636230,3.852642,-5.996338,0.965717,0.225112,-0.129284,-0.258904,0.798875,-0.542926,-0.018937,0.557785,0.829769),fov=35.000000,dt=0.017022},
	{cf=CFrame.new(-5.194458,5.056931,-4.193726,0.966598,0.222890,-0.126519,-0.255001,0.786825,-0.562032,-0.025723,0.575522,0.817381),fov=35.000000,dt=0.030149},
	{cf=CFrame.new(-4.825195,0.897049,-3.205200,0.967755,0.216122,-0.129385,-0.250560,0.773202,-0.582561,-0.025863,0.596196,0.802422),fov=35.000000,dt=0.014266},
	{cf=CFrame.new(-5.509888,1.502647,-2.400513,0.968522,0.210354,-0.133099,-0.247830,0.764700,-0.594824,-0.023342,0.609086,0.792761),fov=35.000000,dt=0.013155},
	{cf=CFrame.new(-6.406372,3.573944,-2.545898,0.968376,0.209910,-0.134855,-0.248642,0.767281,-0.591149,-0.020616,0.605985,0.795209),fov=35.000000,dt=0.015831},
	{cf=CFrame.new(-6.440674,1.155418,0.757080,0.969045,0.200092,-0.144620,-0.246684,0.761147,-0.599835,-0.009945,0.616942,0.786946),fov=35.000000,dt=0.021335},
	{cf=CFrame.new(-7.180420,1.029602,-1.942749,0.968882,0.196892,-0.150005,-0.247508,0.763791,-0.596123,-0.002799,0.614701,0.788755),fov=35.000000,dt=0.012314},
	{cf=CFrame.new(-7.736084,-0.022224,-0.082031,0.969047,0.185114,-0.163342,-0.246530,0.760638,-0.600543,0.013076,0.622223,0.782731),fov=35.000000,dt=0.015219},
	{cf=CFrame.new(-6.242554,0.751740,2.849854,0.967790,0.175671,-0.180339,-0.249265,0.769178,-0.588415,0.035345,0.614414,0.788192),fov=35.000000,dt=0.020790},
	{cf=CFrame.new(-7.170410,-0.343353,5.142456,0.965092,0.158351,-0.208618,-0.252067,0.777876,-0.575648,0.071125,0.608140,0.790637),fov=35.000000,dt=0.038091},
	{cf=CFrame.new(-8.200195,0.368774,4.722290,0.963033,0.151830,-0.222520,-0.254322,0.784771,-0.565203,0.088813,0.600901,0.794374),fov=35.000000,dt=0.018134},
	{cf=CFrame.new(-9.650879,-2.241730,5.974854,0.961447,0.147432,-0.232130,-0.255792,0.789354,-0.558114,0.100949,0.595973,0.796634),fov=35.000000,dt=0.016162},
	{cf=CFrame.new(-10.113647,-1.723007,6.942505,0.958593,0.140538,-0.247685,-0.258076,0.796416,-0.546916,0.120399,0.588192,0.799709),fov=35.000000,dt=0.035400},
	{cf=CFrame.new(-10.093994,-0.562393,9.560669,0.956137,0.138080,-0.258334,-0.260529,0.803997,-0.534522,0.133893,0.578379,0.804705),fov=35.000000,dt=0.037460},
	{cf=CFrame.new(-10.443481,-2.433243,8.328979,0.955078,0.136936,-0.262821,-0.261456,0.806868,-0.529721,0.139525,0.574641,0.806425),fov=35.000000,dt=0.025282},
	{cf=CFrame.new(-8.033081,0.129486,9.640137,0.954167,0.140492,-0.264248,-0.263477,0.813098,-0.519087,0.141933,0.564919,0.812848),fov=35.000000,dt=0.027569},
	{cf=CFrame.new(-9.684570,-0.671265,9.983154,0.953704,0.145783,-0.263052,-0.265450,0.819179,-0.508411,0.141369,0.554701,0.819952),fov=35.000000,dt=0.033084},
	{cf=CFrame.new(-9.864136,-0.246277,11.142334,0.953730,0.151278,-0.259833,-0.266931,0.823747,-0.500189,0.138369,0.546403,0.826013),fov=35.000000,dt=0.030964},
	{cf=CFrame.new(-9.786011,-2.290176,10.174438,0.954323,0.153381,-0.256401,-0.266857,0.823517,-0.500607,0.134368,0.546163,0.826832),fov=35.000000,dt=0.037304},
	{cf=CFrame.new(-7.274048,-1.230316,11.866333,0.955549,0.165254,-0.244166,-0.268671,0.829107,-0.490302,0.121416,0.534108,0.836652),fov=35.000000,dt=0.059537},
	{cf=CFrame.new(-8.473511,-0.835358,13.297729,0.956039,0.174604,-0.235587,-0.270571,0.834979,-0.479168,0.113046,0.521847,0.845516),fov=35.000000,dt=0.032822},
	{cf=CFrame.new(-6.552734,1.782318,12.369263,0.956379,0.177870,-0.231734,-0.270969,0.836543,-0.476206,0.109153,0.518227,0.848249),fov=35.000000,dt=0.015473},
	{cf=CFrame.new(-7.165283,0.584747,13.008789,0.956912,0.180776,-0.227244,-0.270870,0.837709,-0.474209,0.104639,0.515329,0.850580),fov=35.000000,dt=0.016499},
	{cf=CFrame.new(-7.762573,-0.049622,12.973877,0.957535,0.182993,-0.222801,-0.270267,0.838826,-0.472575,0.100414,0.512723,0.852662),fov=35.000000,dt=0.025232},
	{cf=CFrame.new(-6.389893,0.805908,12.416016,0.958224,0.184635,-0.218438,-0.269261,0.839895,-0.471247,0.096457,0.510378,0.854524),fov=35.000000,dt=0.020455},
	{cf=CFrame.new(-7.279907,0.553497,14.142578,0.958975,0.185714,-0.214190,-0.267875,0.840916,-0.470217,0.092790,0.508302,0.856165),fov=35.000000,dt=0.020052},
	{cf=CFrame.new(-6.895020,1.033936,14.630005,0.959617,0.186157,-0.210905,-0.266493,0.841691,-0.469615,0.090095,0.506855,0.857310),fov=35.000000,dt=0.016916},
	{cf=CFrame.new(-6.080444,1.004303,13.581421,0.960459,0.186245,-0.206954,-0.264473,0.842608,-0.469111,0.087012,0.505296,0.858548),fov=35.000000,dt=0.021823},
	{cf=CFrame.new(-5.685181,1.251190,12.847900,0.961350,0.185727,-0.203253,-0.262093,0.843452,-0.468930,0.084342,0.504077,0.859530),fov=35.000000,dt=0.022914},
	{cf=CFrame.new(-5.426758,1.521393,13.632080,0.962270,0.184708,-0.199798,-0.259432,0.844226,-0.469017,0.082044,0.503155,0.860293),fov=35.000000,dt=0.019858},
	{cf=CFrame.new(-5.261230,1.393524,12.209106,0.963212,0.183203,-0.196617,-0.256515,0.844925,-0.469363,0.080138,0.502532,0.860837),fov=35.000000,dt=0.018074},
	{cf=CFrame.new(-5.550537,1.328583,11.755249,0.963977,0.181639,-0.194306,-0.254003,0.845422,-0.469835,0.078930,0.502265,0.861104),fov=35.000000,dt=0.017276},
	{cf=CFrame.new(-4.774902,2.024506,12.312866,0.964939,0.179285,-0.191702,-0.250681,0.845966,-0.470640,0.077795,0.502195,0.861248),fov=35.000000,dt=0.019785},
	{cf=CFrame.new(-3.509521,2.428131,12.582520,0.965900,0.176416,-0.189512,-0.247144,0.846401,-0.471725,0.077184,0.502476,0.861139),fov=35.000000,dt=0.020996},
	{cf=CFrame.new(-3.187012,1.949219,12.366699,0.966848,0.173123,-0.187707,-0.243454,0.846736,-0.473041,0.077044,0.503057,0.860813),fov=35.000000,dt=0.023062},
	{cf=CFrame.new(-3.631348,3.408447,10.950806,0.967772,0.169423,-0.186313,-0.239639,0.846957,-0.474591,0.077393,0.503944,0.860262),fov=35.000000,dt=0.017528},
	{cf=CFrame.new(-3.556152,4.855621,10.235474,0.968667,0.165322,-0.185345,-0.235715,0.847070,-0.476352,0.078249,0.505115,0.859497),fov=35.000000,dt=0.021788},
	{cf=CFrame.new(-3.056274,4.753601,9.971069,0.969517,0.160770,-0.184905,-0.231692,0.847058,-0.478342,0.079722,0.506602,0.858487),fov=35.000000,dt=0.021625},
	{cf=CFrame.new(-2.744385,4.362274,8.909180,0.970311,0.155853,-0.184951,-0.227629,0.846912,-0.480547,0.081743,0.508380,0.857244),fov=35.000000,dt=0.021512},
	{cf=CFrame.new(-2.146851,4.362030,8.108398,0.971179,0.149492,-0.185643,-0.222722,0.846569,-0.483442,0.084889,0.510855,0.855465),fov=35.000000,dt=0.023786},
	{cf=CFrame.new(-1.829468,5.540588,7.026611,0.971805,0.143749,-0.186899,-0.218642,0.846115,-0.486091,0.088263,0.513250,0.853688),fov=35.000000,dt=0.021505},
	{cf=CFrame.new(-2.190430,6.450928,5.879883,0.972336,0.137664,-0.188708,-0.214598,0.845520,-0.488921,0.092250,0.515892,0.851672),fov=35.000000,dt=0.020431},
	{cf=CFrame.new(-2.385864,7.807800,4.470215,0.972801,0.129819,-0.191844,-0.209833,0.844676,-0.492435,0.098119,0.519297,0.848942),fov=35.000000,dt=0.025301},
	{cf=CFrame.new(-1.669189,8.186646,3.397583,0.972925,0.122491,-0.195993,-0.206022,0.843968,-0.495251,0.104749,0.522221,0.846353),fov=35.000000,dt=0.023598},
	{cf=CFrame.new(-1.052490,8.387634,1.738892,0.972747,0.112908,-0.202521,-0.201647,0.843107,-0.498507,0.114462,0.525759,0.842897),fov=35.000000,dt=0.023391},
	{cf=CFrame.new(-1.145874,9.264252,-0.440552,0.972158,0.102498,-0.210721,-0.197535,0.842212,-0.501656,0.126053,0.529314,0.839010),fov=35.000000,dt=0.025205},
	{cf=CFrame.new(-1.193604,10.593933,-1.296997,0.971311,0.093245,-0.218767,-0.194341,0.841424,-0.504219,0.137061,0.532270,0.835406),fov=35.000000,dt=0.020030},
	{cf=CFrame.new(-0.955566,11.424896,-1.648804,0.969852,0.081567,-0.229639,-0.190788,0.840408,-0.507261,0.151615,0.535781,0.830633),fov=35.000000,dt=0.030494},
	{cf=CFrame.new(-1.110962,12.691376,-3.177612,0.967796,0.069237,-0.242027,-0.187653,0.839290,-0.510274,0.167801,0.539258,0.825254),fov=35.000000,dt=0.023049},
	{cf=CFrame.new(-1.250122,13.521240,-4.885986,0.965160,0.056423,-0.255504,-0.184878,0.838056,-0.513305,0.185165,0.542659,0.819289),fov=35.000000,dt=0.023427},
	{cf=CFrame.new(-1.068970,13.886627,-5.439575,0.962421,0.045351,-0.267747,-0.182949,0.836913,-0.515855,0.200687,0.545454,0.813759),fov=35.000000,dt=0.019370},
	{cf=CFrame.new(-0.958740,14.446350,-6.179199,0.959189,0.033989,-0.280713,-0.181340,0.835659,-0.518449,0.216959,0.548196,0.807719),fov=35.000000,dt=0.021852},
	{cf=CFrame.new(-1.020508,15.459045,-7.568848,0.954627,0.020005,-0.297132,-0.179839,0.833997,-0.521638,0.237372,0.551406,0.799754),fov=35.000000,dt=0.026315},
	{cf=CFrame.new(-1.488281,15.977509,-8.214966,0.949183,0.005614,-0.314673,-0.178949,0.832116,-0.524939,0.258898,0.554574,0.790835),fov=35.000000,dt=0.020826},
	{cf=CFrame.new(-1.924805,16.128326,-8.323608,0.942727,-0.008597,-0.333453,-0.179273,0.829959,-0.528232,0.281294,0.557758,0.780884),fov=35.000000,dt=0.028602},
	{cf=CFrame.new(-2.170898,16.650543,-8.630371,0.936050,-0.018997,-0.351354,-0.182369,0.827765,-0.530609,0.300919,0.560752,0.771365),fov=35.000000,dt=0.018723},
	{cf=CFrame.new(-2.146973,17.451477,-9.603760,0.928195,-0.028216,-0.371022,-0.187805,0.825270,-0.532597,0.321221,0.564034,0.760712),fov=35.000000,dt=0.018874},
	{cf=CFrame.new(-2.232788,17.901825,-10.392456,0.919092,-0.036339,-0.392363,-0.195502,0.822488,-0.534128,0.342124,0.567620,0.748838),fov=35.000000,dt=0.023170},
	{cf=CFrame.new(-2.434204,18.037201,-10.995850,0.908658,-0.043439,-0.415275,-0.205387,0.819429,-0.535119,0.363534,0.571532,0.735659),fov=35.000000,dt=0.023924},
	{cf=CFrame.new(-2.567505,18.100586,-11.578979,0.896672,-0.049401,-0.439931,-0.217727,0.816047,-0.535409,0.385454,0.575871,0.720970),fov=35.000000,dt=0.021684},
	{cf=CFrame.new(-2.478027,18.416779,-12.407104,0.880306,-0.055352,-0.471166,-0.235199,0.811598,-0.534781,0.411999,0.581588,0.701436),fov=35.000000,dt=0.019112},
	{cf=CFrame.new(-2.204834,19.026886,-13.263794,0.864941,-0.059302,-0.498357,-0.251919,0.807532,-0.533320,0.434066,0.586836,0.683528),fov=35.000000,dt=0.023663},
	{cf=CFrame.new(-2.011963,19.741486,-13.940796,0.847844,-0.062087,-0.526597,-0.270886,0.803029,-0.530816,0.455830,0.592697,0.664025),fov=35.000000,dt=0.019814},
	{cf=CFrame.new(-2.057861,20.189758,-14.295044,0.829166,-0.063793,-0.555351,-0.291734,0.798062,-0.527246,0.476839,0.599189,0.643115),fov=35.000000,dt=0.019422},
	{cf=CFrame.new(-2.107178,20.484436,-14.569824,0.808992,-0.064303,-0.584291,-0.314404,0.792532,-0.522536,0.496670,0.606431,0.620935),fov=35.000000,dt=0.021130},
	{cf=CFrame.new(-2.004150,20.742432,-14.818481,0.787486,-0.063470,-0.613056,-0.338826,0.786310,-0.516637,0.514843,0.614564,0.597702),fov=35.000000,dt=0.019670},
	{cf=CFrame.new(-1.623047,20.944397,-15.075562,0.764925,-0.060806,-0.641243,-0.365188,0.779128,-0.509506,0.530592,0.623908,0.573769),fov=35.000000,dt=0.025356},
	{cf=CFrame.new(-0.960083,21.018768,-15.344727,0.737031,-0.055286,-0.673593,-0.398789,0.769088,-0.499470,0.545667,0.636747,0.544795),fov=35.000000,dt=0.021661},
	{cf=CFrame.new(-0.403931,20.848022,-15.489624,0.713645,-0.048486,-0.698827,-0.428240,0.759281,-0.490002,0.554365,0.648953,0.521094),fov=35.000000,dt=0.023564},
	{cf=CFrame.new(0.085205,20.487457,-15.535034,0.690868,-0.039016,-0.721927,-0.459053,0.747759,-0.479716,0.558544,0.662823,0.498692),fov=35.000000,dt=0.022809},
	{cf=CFrame.new(0.487305,20.039062,-15.492188,0.667963,-0.027811,-0.743675,-0.490863,0.734636,-0.468362,0.559356,0.677891,0.477058),fov=35.000000,dt=0.016900},
	{cf=CFrame.new(0.846191,19.546936,-15.347900,0.644437,-0.015345,-0.764503,-0.523531,0.719860,-0.455759,0.557329,0.693950,0.455871),fov=35.000000,dt=0.019226},
	{cf=CFrame.new(1.082397,19.092743,-15.178833,0.625192,-0.004481,-0.780458,-0.550191,0.706718,-0.444792,0.553557,0.707481,0.439369),fov=35.000000,dt=0.019289},
	{cf=CFrame.new(1.361328,18.474365,-14.892700,0.600620,0.009980,-0.799472,-0.583860,0.688602,-0.430040,0.546227,0.725071,0.419415),fov=35.000000,dt=0.021901},
	{cf=CFrame.new(1.640381,17.646820,-14.450806,0.570410,0.028732,-0.820858,-0.624670,0.664080,-0.410835,0.533311,0.747109,0.396746),fov=35.000000,dt=0.026481},
	{cf=CFrame.new(1.830566,16.913574,-14.038574,0.544643,0.045062,-0.837457,-0.658445,0.641439,-0.393707,0.519436,0.765849,0.379026),fov=35.000000,dt=0.021619},
	{cf=CFrame.new(2.001831,16.150330,-13.559814,0.518352,0.061916,-0.852923,-0.691750,0.616752,-0.375630,0.502785,0.784718,0.362525),fov=35.000000,dt=0.017499},
	{cf=CFrame.new(2.110352,15.516876,-13.131226,0.496946,0.075740,-0.864470,-0.717908,0.595511,-0.360519,0.487496,0.799769,0.350311),fov=35.000000,dt=0.018189},
	{cf=CFrame.new(2.185791,14.867249,-12.671509,0.475215,0.089732,-0.875282,-0.743436,0.573024,-0.344886,0.470611,0.814611,0.339020),fov=35.000000,dt=0.018762},
	{cf=CFrame.new(2.214478,14.038605,-12.066895,0.447594,0.107376,-0.887767,-0.774256,0.543256,-0.324656,0.447424,0.832673,0.326294),fov=35.000000,dt=0.019278},
	{cf=CFrame.new(2.181152,13.204376,-11.437134,0.419468,0.124921,-0.899134,-0.803584,0.511831,-0.303780,0.422256,0.849955,0.315081),fov=35.000000,dt=0.020309},
	{cf=CFrame.new(2.084961,12.375397,-10.793335,0.390783,0.141992,-0.909465,-0.831193,0.478938,-0.282375,0.395483,0.866289,0.305183),fov=35.000000,dt=0.015071},
	{cf=CFrame.new(2.002808,11.881012,-10.390869,0.373290,0.151886,-0.915197,-0.846850,0.458608,-0.269302,0.378814,0.875562,0.299818),fov=35.000000,dt=0.015794},
	{cf=CFrame.new(1.863037,11.229706,-9.852051,0.349680,0.164615,-0.922294,-0.866595,0.430911,-0.251651,0.356002,0.887253,0.293335),fov=35.000000,dt=0.019503},
	{cf=CFrame.new(1.646729,10.432648,-9.179077,0.319748,0.179685,-0.930309,-0.889367,0.395549,-0.229277,0.326785,0.900697,0.286282),fov=35.000000,dt=0.020480},
	{cf=CFrame.new(1.393677,9.655579,-8.503906,0.289427,0.193723,-0.937391,-0.909934,0.359618,-0.206630,0.297074,0.912768,0.280358),fov=35.000000,dt=0.022112},
	{cf=CFrame.new(1.103638,8.910583,-7.840332,0.258771,0.206548,-0.943597,-0.928193,0.323582,-0.183717,0.267384,0.923381,0.275450),fov=35.000000,dt=0.014194},
	{cf=CFrame.new(0.918335,8.477020,-7.449951,0.240289,0.213710,-0.946884,-0.938082,0.301876,-0.169923,0.249527,0.929085,0.273014),fov=35.000000,dt=0.016646},
	{cf=CFrame.new(0.590576,7.786743,-6.812988,0.209367,0.224522,-0.951712,-0.952685,0.266164,-0.146789,0.220354,0.937415,0.269624),fov=35.000000,dt=0.019495},
	{cf=CFrame.new(0.319702,7.256805,-6.312134,0.184617,0.232253,-0.954974,-0.962774,0.237940,-0.128257,0.197439,0.943103,0.267534),fov=35.000000,dt=0.014208},
	{cf=CFrame.new(0.113281,6.871735,-5.942017,0.166081,0.237531,-0.957077,-0.969448,0.217003,-0.114371,0.180522,0.946831,0.266313),fov=35.000000,dt=0.017516},
	{cf=CFrame.new(-0.238037,6.264191,-5.342163,0.135341,0.245126,-0.959998,-0.978834,0.183203,-0.091217,0.153515,0.952024,0.264732),fov=35.000000,dt=0.038747},
	{cf=CFrame.new(-1.103149,4.954742,-3.986206,0.063000,0.257965,-0.964098,-0.993559,0.107377,-0.036194,0.094186,0.960169,0.263068),fov=35.000000,dt=0.028934},
	{cf=CFrame.new(-1.376709,4.571350,-3.553345,0.039577,0.260565,-0.964645,-0.996280,0.084247,-0.018119,0.076548,0.961774,0.262929),fov=35.000000,dt=0.016523},
	{cf=CFrame.new(-1.773682,4.129730,-3.026489,0.010957,0.262672,-0.964823,-0.998357,0.057139,0.004218,0.056237,0.963192,0.262866),fov=35.000000,dt=0.019121},
	{cf=CFrame.new(-2.098877,3.746002,-2.586670,-0.016857,0.263610,-0.964482,-0.999143,0.032039,0.026220,0.037813,0.964097,0.262844),fov=35.000000,dt=0.022752},
	{cf=CFrame.new(-2.469971,3.513977,-2.162842,-0.038425,0.263527,-0.963886,-0.998959,0.013615,0.043546,0.024599,0.964556,0.262729),fov=35.000000,dt=0.017532},
	{cf=CFrame.new(-2.880005,3.005585,-2.056519,-0.068924,0.260632,-0.962974,-0.997597,-0.011180,0.068376,0.007055,0.965373,0.260776),fov=35.000000,dt=0.026265},
	{cf=CFrame.new(-3.972290,2.712189,-1.073486,-0.095791,0.253888,-0.962479,-0.995368,-0.032398,0.090518,-0.008202,0.966691,0.255815),fov=35.000000,dt=0.028012},
	{cf=CFrame.new(-5.356689,2.666199,-0.626099,-0.118481,0.245571,-0.962111,-0.992732,-0.049896,0.109517,-0.021111,0.968094,0.249697),fov=35.000000,dt=0.018924},
	{cf=CFrame.new(-7.229126,3.340881,0.130737,-0.137404,0.237751,-0.961558,-0.990024,-0.063546,0.125760,-0.031204,0.969245,0.244110),fov=35.000000,dt=0.025689},
	{cf=CFrame.new(-7.331177,2.487610,0.435913,-0.155995,0.231583,-0.960226,-0.987010,-0.074376,0.142408,-0.038438,0.969968,0.240176),fov=35.000000,dt=0.028463},
	{cf=CFrame.new(-8.925293,2.839874,0.822754,-0.170335,0.229966,-0.958176,-0.984563,-0.079463,0.155955,-0.040275,0.969949,0.239951),fov=35.000000,dt=0.025580},
	{cf=CFrame.new(-9.680054,2.839844,1.046387,-0.185638,0.233981,-0.954354,-0.981958,-0.079772,0.171450,-0.036015,0.968963,0.244568),fov=35.000000,dt=0.027593},
	{cf=CFrame.new(-8.528809,3.049011,0.266113,-0.192705,0.237723,-0.952025,-0.980753,-0.077744,0.179107,-0.031437,0.968217,0.248129),fov=35.000000,dt=0.020322},
	{cf=CFrame.new(-10.246582,4.012512,1.712036,-0.195148,0.241649,-0.950538,-0.980429,-0.073766,0.182531,-0.026009,0.967556,0.251315),fov=35.000000,dt=0.021779},
	{cf=CFrame.new(-10.175537,3.729828,1.482300,-0.194014,0.245926,-0.949673,-0.980799,-0.068166,0.182721,-0.019800,0.966889,0.254428),fov=35.000000,dt=0.018887},
	{cf=CFrame.new(-9.477661,4.282654,0.964111,-0.191793,0.248711,-0.949399,-0.981310,-0.064064,0.181457,-0.015692,0.966457,0.256349),fov=35.000000,dt=0.015023},
	{cf=CFrame.new(-9.652222,4.038239,1.052856,-0.186954,0.252770,-0.949292,-0.982321,-0.057633,0.178113,-0.009689,0.965808,0.259076),fov=35.000000,dt=0.016626},
	{cf=CFrame.new(-9.897583,5.083649,2.608887,-0.178201,0.258485,-0.949436,-0.983993,-0.048108,0.171590,-0.001322,0.964817,0.262921),fov=35.000000,dt=0.019260},
	{cf=CFrame.new(-10.279785,4.802338,2.398682,-0.169301,0.263617,-0.949654,-0.985546,-0.039366,0.164772,0.006052,0.963824,0.266471),fov=35.000000,dt=0.019371},
	{cf=CFrame.new(-9.581665,5.476624,0.661499,-0.158816,0.269315,-0.949867,-0.987208,-0.029618,0.156661,0.014058,0.962597,0.270573),fov=35.000000,dt=0.017894},
	{cf=CFrame.new(-10.663086,5.670410,2.235229,-0.143712,0.277288,-0.949978,-0.989306,-0.016072,0.144970,0.024930,0.960653,0.276632),fov=35.000000,dt=0.021967},
	{cf=CFrame.new(-10.995117,6.978088,2.637329,-0.122871,0.288317,-0.949619,-0.991644,0.002217,0.128982,0.039293,0.957533,0.285636),fov=35.000000,dt=0.019462},
	{cf=CFrame.new(-9.769043,6.586151,2.973633,-0.107535,0.296627,-0.948919,-0.992962,0.015587,0.117399,0.049614,0.954866,0.292863),fov=35.000000,dt=0.017122},
	{cf=CFrame.new(-9.932129,7.750092,2.546387,-0.086914,0.308241,-0.947329,-0.994201,0.033607,0.102149,0.063323,0.950714,0.303533),fov=35.000000,dt=0.019048},
	{cf=CFrame.new(-10.341431,6.694427,3.794434,-0.064937,0.321246,-0.944766,-0.994855,0.052937,0.086380,0.077762,0.945515,0.316156),fov=35.000000,dt=0.022688},
	{cf=CFrame.new(-9.939575,6.990753,2.997559,-0.041773,0.335780,-0.941013,-0.994807,0.073514,0.070393,0.092814,0.939067,0.330965),fov=35.000000,dt=0.020881},
	{cf=CFrame.new(-9.414185,9.004333,5.143799,-0.022446,0.348790,-0.936932,-0.994187,0.090924,0.057666,0.105303,0.932780,0.344721),fov=35.000000,dt=0.016788},
	{cf=CFrame.new(-9.560303,8.236786,4.021729,0.002531,0.366993,-0.930220,-0.992608,0.113794,0.042194,0.121339,0.923237,0.364568),fov=35.000000,dt=0.024162},
	{cf=CFrame.new(-11.139893,7.639862,5.309326,0.033516,0.391238,-0.919679,-0.989482,0.142554,0.024583,0.140722,0.909182,0.391901),fov=35.000000,dt=0.023673},
	{cf=CFrame.new(-8.337158,10.009674,3.121338,0.065832,0.417258,-0.906400,-0.984943,0.172699,0.007965,0.159858,0.892228,0.422344),fov=35.000000,dt=0.024534},
	{cf=CFrame.new(-9.221558,8.891388,4.677979,0.099779,0.444471,-0.890219,-0.978925,0.204068,-0.007834,0.178183,0.872240,0.455465),fov=35.000000,dt=0.022656},
	{cf=CFrame.new(-9.721069,9.178619,3.847534,0.141761,0.477169,-0.867302,-0.969944,0.242000,-0.025396,0.197769,0.844835,0.497133),fov=35.000000,dt=0.029479},
	{cf=CFrame.new(-8.760254,9.200714,5.746582,0.186396,0.510009,-0.839730,-0.958773,0.281032,-0.042136,0.214502,0.812965,0.541366),fov=35.000000,dt=0.029982},
	{cf=CFrame.new(-6.718262,8.743164,5.774902,0.233617,0.542028,-0.807235,-0.945338,0.320870,-0.058133,0.227508,0.776691,0.587360),fov=35.000000,dt=0.031446},
	{cf=CFrame.new(-7.600952,9.624146,6.861816,0.290458,0.576225,-0.763937,-0.927110,0.367083,-0.075613,0.236858,0.730216,0.640845),fov=35.000000,dt=0.032558},
	{cf=CFrame.new(-7.593384,9.309967,7.443970,0.342045,0.602651,-0.720983,-0.908625,0.407748,-0.090239,0.239596,0.685969,0.687052),fov=35.000000,dt=0.029951},
	{cf=CFrame.new(-7.003296,9.329498,7.970703,0.401933,0.627393,-0.666954,-0.884684,0.453952,-0.106121,0.236186,0.632698,0.737503),fov=35.000000,dt=0.031587},
	{cf=CFrame.new(-6.267578,10.587036,8.437134,0.454201,0.643226,-0.616410,-0.861319,0.493854,-0.119324,0.227664,0.585123,0.778332),fov=35.000000,dt=0.029745},
	{cf=CFrame.new(-8.125977,8.140411,9.759399,0.505377,0.653066,-0.564003,-0.835825,0.532925,-0.131863,0.214456,0.538048,0.815177),fov=35.000000,dt=0.027789},
	{cf=CFrame.new(-6.619629,8.984222,11.777466,0.547782,0.656467,-0.518639,-0.812361,0.565566,-0.142144,0.200012,0.499186,0.843095),fov=35.000000,dt=0.027985},
	{cf=CFrame.new(-6.864380,9.086487,14.086060,0.594960,0.654591,-0.466405,-0.783253,0.602414,-0.153664,0.180382,0.456737,0.871122),fov=35.000000,dt=0.026057},
	{cf=CFrame.new(-7.758057,7.860962,13.655762,0.633111,0.648395,-0.422794,-0.756972,0.632758,-0.163130,0.161754,0.423323,0.891422),fov=35.000000,dt=0.029447},
	{cf=CFrame.new(-6.594971,8.900299,17.210083,0.674659,0.635858,-0.374859,-0.724880,0.666541,-0.173989,0.139227,0.389112,0.910609),fov=35.000000,dt=0.027591},
	{cf=CFrame.new(-6.722900,8.580292,19.589478,0.707661,0.621337,-0.336387,-0.696346,0.693955,-0.183112,0.119663,0.363823,0.923750),fov=35.000000,dt=0.025417},
	{cf=CFrame.new(-7.756714,7.869568,21.259888,0.743125,0.600610,-0.295012,-0.662044,0.724011,-0.193663,0.097276,0.339227,0.935661),fov=35.000000,dt=0.028569},
	{cf=CFrame.new(-6.491211,7.526093,24.634033,0.775343,0.576295,-0.258316,-0.626899,0.751818,-0.204372,0.076429,0.320396,0.944195),fov=35.000000,dt=0.033310},
	{cf=CFrame.new(-6.781372,7.586945,28.984009,0.808438,0.545324,-0.221470,-0.586030,0.780776,-0.216699,0.054747,0.304976,0.950785),fov=35.000000,dt=0.027849},
	{cf=CFrame.new(-5.627930,5.514343,31.682373,0.834295,0.516331,-0.193273,-0.550011,0.803628,-0.227309,0.037954,0.295945,0.954451),fov=35.000000,dt=0.029239},
	{cf=CFrame.new(-6.403564,5.572235,35.619751,0.860549,0.482086,-0.164463,-0.508939,0.827007,-0.238834,0.020874,0.289230,0.957032),fov=35.000000,dt=0.033814},
	{cf=CFrame.new(-5.133911,5.256714,40.409180,0.880823,0.451860,-0.141327,-0.473389,0.845171,-0.248169,0.007308,0.285496,0.958352),fov=35.000000,dt=0.032371},
	{cf=CFrame.new(-6.313965,4.918152,46.331909,0.901092,0.417751,-0.116263,-0.433567,0.863461,-0.257790,-0.007303,0.282701,0.959180),fov=35.000000,dt=0.030558},
	{cf=CFrame.new(-4.420654,4.181610,49.171021,0.918458,0.384780,-0.091537,-0.394911,0.879326,-0.266140,-0.021914,0.280587,0.959578),fov=35.000000,dt=0.031885},
	{cf=CFrame.new(-3.087646,2.938599,54.995850,0.931413,0.357301,-0.069324,-0.362228,0.891424,-0.272311,-0.035499,0.278745,0.959709),fov=35.000000,dt=0.033181},
	{cf=CFrame.new(-2.998657,1.944366,57.983765,0.942294,0.331678,-0.045519,-0.330892,0.901998,-0.277327,-0.050925,0.276385,0.959697),fov=35.000000,dt=0.032588},
	{cf=CFrame.new(-1.089233,1.028809,64.327637,0.952256,0.304882,-0.015954,-0.296871,0.912507,-0.281423,-0.071242,0.272723,0.959451),fov=35.000000,dt=0.024500},
	{cf=CFrame.new(0.501587,0.158630,65.921021,0.957944,0.286821,0.008767,-0.272706,0.919461,-0.283237,-0.089299,0.268934,0.959010),fov=35.000000,dt=0.028679},
	{cf=CFrame.new(3.467285,-1.036621,69.660278,0.962912,0.265805,0.046339,-0.242467,0.927800,-0.283544,-0.118361,0.261793,0.957839),fov=35.000000,dt=0.033033},
	{cf=CFrame.new(6.557251,-1.578918,72.771851,0.964535,0.250111,0.084358,-0.217996,0.935016,-0.279683,-0.148828,0.251374,0.956379),fov=35.000000,dt=0.030127},
	{cf=CFrame.new(10.792480,-2.297180,75.798462,0.962860,0.234375,0.134050,-0.192296,0.943780,-0.268887,-0.189534,0.233124,0.953798),fov=35.000000,dt=0.031487},
	{cf=CFrame.new(14.783325,-1.948059,77.951904,0.957919,0.221508,0.182554,-0.171564,0.951719,-0.254551,-0.230125,0.212519,0.949673),fov=35.000000,dt=0.028282},
	{cf=CFrame.new(19.042480,-0.995148,78.918579,0.949360,0.208508,0.235030,-0.152264,0.959668,-0.236331,-0.274827,0.188577,0.942820),fov=35.000000,dt=0.032189},
	{cf=CFrame.new(25.528931,-0.197052,79.890747,0.936733,0.194644,0.290939,-0.134325,0.967394,-0.214722,-0.323247,0.162057,0.932336),fov=35.000000,dt=0.027847},
	{cf=CFrame.new(29.977295,2.233734,80.577148,0.919567,0.179308,0.349636,-0.117693,0.974646,-0.190297,-0.374893,0.133841,0.917356),fov=35.000000,dt=0.027791},
	{cf=CFrame.new(35.331543,2.556061,79.972534,0.900737,0.164716,0.401921,-0.104427,0.980289,-0.167714,-0.421624,0.109094,0.900184),fov=35.000000,dt=0.027390},
	{cf=CFrame.new(40.943359,4.695740,78.404175,0.873800,0.145787,0.463918,-0.090079,0.986018,-0.140193,-0.477870,0.080712,0.874715),fov=35.000000,dt=0.028941},
	{cf=CFrame.new(46.531494,6.950592,76.162354,0.841024,0.124969,0.526366,-0.076933,0.990693,-0.112286,-0.535499,0.053940,0.842811),fov=35.000000,dt=0.027563},
	{cf=CFrame.new(51.623901,7.816223,73.815430,0.807850,0.105876,0.579801,-0.066567,0.993829,-0.088731,-0.585617,0.033086,0.809913),fov=35.000000,dt=0.025413},
	{cf=CFrame.new(57.699097,10.665649,70.049438,0.763522,0.082211,0.640528,-0.055584,0.996549,-0.061649,-0.643385,0.011467,0.765457),fov=35.000000,dt=0.026208},
	{cf=CFrame.new(62.072998,12.552185,65.888306,0.720956,0.061170,0.690276,-0.047075,0.998118,-0.039282,-0.691380,-0.004174,0.722480),fov=35.000000,dt=0.028101},
	{cf=CFrame.new(66.412964,14.032990,62.241211,0.674983,0.040002,0.736748,-0.039391,0.999059,-0.018156,-0.736781,-0.016766,0.675924),fov=35.000000,dt=0.026839},
	{cf=CFrame.new(70.526123,15.762329,57.298828,0.618515,0.016025,0.785610,-0.031443,0.999496,0.004368,-0.785143,-0.027403,0.618707),fov=35.000000,dt=0.026609},
	{cf=CFrame.new(74.818604,17.886841,52.564331,0.569794,-0.002644,0.821783,-0.025452,0.999458,0.020863,-0.821393,-0.032804,0.569418),fov=35.000000,dt=0.027115},
	{cf=CFrame.new(77.851440,19.265320,47.913818,0.513924,-0.022326,0.857545,-0.019402,0.999103,0.037639,-0.857616,-0.035982,0.513031),fov=35.000000,dt=0.030074},
	{cf=CFrame.new(81.359253,20.476685,41.986450,0.452125,-0.041831,0.890973,-0.013643,0.998458,0.053800,-0.891850,-0.036480,0.450858),fov=35.000000,dt=0.029018},
	{cf=CFrame.new(85.161987,21.989014,33.139526,0.354059,-0.058254,0.933407,-0.009540,0.997781,0.065890,-0.935175,-0.032234,0.352718),fov=35.000000,dt=0.030242},
	{cf=CFrame.new(88.906250,23.597992,20.484497,0.217626,-0.073216,0.973282,-0.006254,0.997058,0.076403,-0.976012,-0.022714,0.216528),fov=35.000000,dt=0.028303},
	{cf=CFrame.new(90.575439,23.697296,7.605103,0.076896,-0.085542,0.993363,-0.003733,0.996281,0.086082,-0.997032,-0.010327,0.076291),fov=35.000000,dt=0.028581},
	{cf=CFrame.new(90.016479,26.366913,-5.270752,-0.064245,-0.095984,0.993307,-0.001903,0.995374,0.096061,-0.997932,0.004281,-0.064130),fov=35.000000,dt=0.029147},
	{cf=CFrame.new(87.746216,26.361298,-15.623779,-0.181404,-0.104588,0.977831,-0.000841,0.994345,0.106198,-0.983408,0.018442,-0.180465),fov=35.000000,dt=0.028149},
	{cf=CFrame.new(82.166870,28.312103,-28.545288,-0.331444,-0.115352,0.936397,-0.000080,0.992501,0.122235,-0.943475,0.040439,-0.328967),fov=35.000000,dt=0.030436},
	{cf=CFrame.new(76.763184,29.814880,-36.964966,-0.438498,-0.122329,0.890368,-0.000200,0.990707,0.136016,-0.898732,0.059465,-0.434447),fov=35.000000,dt=0.027105},
	{cf=CFrame.new(68.404297,30.805511,-46.399048,-0.555213,-0.129945,0.821494,-0.004228,0.988148,0.153449,-0.831698,0.081724,-0.549181),fov=35.000000,dt=0.028150},
	{cf=CFrame.new(57.604248,32.294556,-54.263672,-0.688238,-0.136945,0.712442,-0.016367,0.984704,0.173467,-0.725300,0.107726,-0.679952),fov=35.000000,dt=0.031205},
	{cf=CFrame.new(46.960205,34.183838,-62.698242,-0.795530,-0.139570,0.589621,-0.032934,0.981631,0.187928,-0.605019,0.130084,-0.785513),fov=35.000000,dt=0.029250},
	{cf=CFrame.new(36.086060,34.566010,-67.441650,-0.875827,-0.140820,0.461624,-0.054470,0.979216,0.195368,-0.479541,0.145964,-0.865295),fov=35.000000,dt=0.030821},
	{cf=CFrame.new(25.177368,34.134338,-71.623535,-0.934561,-0.144433,0.325169,-0.084660,0.977922,0.191053,-0.345584,0.151022,-0.926156),fov=35.000000,dt=0.031114},
	{cf=CFrame.new(15.849487,34.137878,-73.094727,-0.965819,-0.153302,0.209025,-0.115339,0.976305,0.183099,-0.232142,0.152732,-0.960616),fov=35.000000,dt=0.033410},
	{cf=CFrame.new(5.953735,33.195465,-73.714600,-0.982740,-0.169512,0.074085,-0.154691,0.972620,0.173439,-0.101457,0.158985,-0.982054),fov=35.000000,dt=0.033263},
	{cf=CFrame.new(-5.427490,32.002625,-73.021851,-0.979762,-0.189963,-0.063097,-0.197820,0.967040,0.160316,0.030563,0.169553,-0.985047),fov=35.000000,dt=0.034065},
	{cf=CFrame.new(-15.291504,30.023743,-70.270386,-0.951423,-0.216699,-0.218713,-0.249916,0.958449,0.137537,0.179821,0.185516,-0.966048),fov=35.000000,dt=0.033971},
	{cf=CFrame.new(-24.863525,29.324463,-64.780396,-0.902821,-0.244233,-0.353926,-0.298365,0.948483,0.106574,0.309664,0.201816,-0.929182),fov=35.000000,dt=0.033146},
	{cf=CFrame.new(-32.754761,25.905579,-59.753540,-0.831234,-0.276960,-0.482020,-0.347667,0.935567,0.061986,0.433794,0.219107,-0.873965),fov=35.000000,dt=0.033498},
	{cf=CFrame.new(-38.375854,23.831726,-53.080322,-0.748946,-0.311441,-0.584879,-0.390122,0.920716,0.009286,0.535615,0.235129,-0.811067),fov=35.000000,dt=0.032205},
	{cf=CFrame.new(-43.319946,20.129272,-45.248291,-0.629197,-0.358591,-0.689581,-0.435647,0.897455,-0.069189,0.643678,0.256880,-0.720896),fov=35.000000,dt=0.031751},
	{cf=CFrame.new(-46.611328,15.856293,-37.048828,-0.479218,-0.413399,-0.774242,-0.474215,0.864244,-0.167939,0.738560,0.286678,-0.610201),fov=35.000000,dt=0.031163},
	{cf=CFrame.new(-47.549561,12.549988,-28.883179,-0.324382,-0.464749,-0.823884,-0.498125,0.824359,-0.268893,0.804144,0.323173,-0.498911),fov=35.000000,dt=0.031744},
	{cf=CFrame.new(-47.185425,9.445465,-21.188721,-0.151605,-0.514050,-0.844256,-0.510088,0.772297,-0.378639,0.846656,0.373241,-0.379295),fov=35.000000,dt=0.029051},
	{cf=CFrame.new(-45.428955,7.099091,-14.013306,0.028638,-0.550632,-0.834257,-0.508335,0.710597,-0.486463,0.860683,0.438013,-0.259556),fov=35.000000,dt=0.028777},
	{cf=CFrame.new(-42.552979,5.103363,-7.857910,0.206413,-0.565808,-0.798282,-0.494286,0.643802,-0.584124,0.844438,0.515150,-0.146782),fov=35.000000,dt=0.028331},
	{cf=CFrame.new(-39.343872,3.579132,-2.346680,0.374253,-0.553908,-0.743720,-0.471175,0.577181,-0.666976,0.798705,0.600040,-0.044976),fov=35.000000,dt=0.031645},
	{cf=CFrame.new(-35.277466,5.140747,2.126343,0.524053,-0.514273,-0.678890,-0.443851,0.515402,-0.733047,0.726888,0.685481,0.041837),fov=35.000000,dt=0.027860},
	{cf=CFrame.new(-31.092407,4.646606,6.262329,0.668114,-0.441272,-0.599086,-0.409928,0.453646,-0.791305,0.620954,0.774264,0.122197),fov=35.000000,dt=0.032695},
	{cf=CFrame.new(-27.211792,6.483887,9.670898,0.780632,-0.347196,-0.519681,-0.376413,0.402602,-0.834401,0.498925,0.846975,0.183595),fov=35.000000,dt=0.032574},
	{cf=CFrame.new(-23.390503,8.380676,12.106567,0.862760,-0.241322,-0.444307,-0.344790,0.361933,-0.866097,0.369818,0.900427,0.229055),fov=35.000000,dt=0.036015},
	{cf=CFrame.new(-19.612183,10.398041,14.356445,0.918653,-0.128376,-0.373624,-0.315553,0.330586,-0.889460,0.237701,0.935004,0.263185),fov=35.000000,dt=0.036891},
	{cf=CFrame.new(-17.289551,11.913849,15.818970,0.951381,-0.014029,-0.307697,-0.288740,0.307228,-0.906774,0.107254,0.951532,0.288241),fov=35.000000,dt=0.029454},
	{cf=CFrame.new(-12.843262,13.562103,16.866211,0.964705,0.110363,-0.239090,-0.261301,0.288611,-0.921100,-0.032651,0.951065,0.307262),fov=35.000000,dt=0.036018},
	{cf=CFrame.new(-10.379761,14.810547,17.494629,0.959641,0.213121,-0.183489,-0.239543,0.277620,-0.930347,-0.147336,0.936753,0.317467),fov=35.000000,dt=0.033104},
	{cf=CFrame.new(-7.461548,16.149445,18.284668,0.942452,0.307142,-0.132091,-0.219632,0.270864,-0.937227,-0.252083,0.912303,0.322734),fov=35.000000,dt=0.031607},
	{cf=CFrame.new(-4.990112,16.685272,18.517944,0.918843,0.384373,-0.089364,-0.203686,0.267985,-0.941646,-0.337994,0.883426,0.324527),fov=35.000000,dt=0.030119},
	{cf=CFrame.new(-3.161743,16.453217,19.103760,0.897598,0.436734,-0.059843,-0.193042,0.267392,-0.944053,-0.396299,0.858933,0.324318),fov=35.000000,dt=0.019711},
	{cf=CFrame.new(-2.337158,17.105743,18.557495,0.878387,0.476533,-0.036779,-0.184899,0.267843,-0.945554,-0.440736,0.837363,0.323380),fov=35.000000,dt=0.017237},
	{cf=CFrame.new(-1.046753,17.299957,18.691895,0.857438,0.514392,-0.014186,-0.177085,0.269074,-0.946700,-0.483158,0.814248,0.321805),fov=35.000000,dt=0.016528},
	{cf=CFrame.new(0.503540,16.868073,18.488281,0.835005,0.550184,0.008030,-0.170858,0.273126,-0.946684,-0.523043,0.789113,0.322065),fov=35.000000,dt=0.017917},
	{cf=CFrame.new(1.715698,16.162140,18.344849,0.811452,0.583618,0.030597,-0.167087,0.281848,-0.944798,-0.560024,0.761546,0.326221),fov=35.000000,dt=0.014739},
	{cf=CFrame.new(3.208618,16.253265,17.687622,0.787165,0.614336,0.054433,-0.165387,0.295291,-0.940984,-0.594153,0.731707,0.334046),fov=35.000000,dt=0.021755},
	{cf=CFrame.new(4.747803,15.022308,17.586426,0.750081,0.654440,0.095322,-0.166358,0.326208,-0.930544,-0.640080,0.682127,0.353554),fov=35.000000,dt=0.023811},
	{cf=CFrame.new(7.273315,13.422028,17.611938,0.711549,0.687474,0.145180,-0.171546,0.370342,-0.912918,-0.681374,0.624681,0.381450),fov=35.000000,dt=0.025505},
	{cf=CFrame.new(8.508301,12.824371,16.894897,0.659934,0.712195,0.239301,-0.185702,0.463242,-0.866557,-0.728012,0.527433,0.437965),fov=35.000000,dt=0.029420},
	{cf=CFrame.new(12.418213,10.485168,16.911621,0.614267,0.690146,0.382590,-0.207833,0.609224,-0.765279,-0.761237,0.390571,0.517661),fov=35.000000,dt=0.037955},
	{cf=CFrame.new(17.479614,13.045624,17.696167,0.579225,0.546461,0.604879,-0.226362,0.820672,-0.524650,-0.783108,0.166969,0.599052),fov=35.000000,dt=0.033235},
	{cf=CFrame.new(20.734741,14.146301,17.458374,0.560539,0.416660,0.715675,-0.220554,0.908106,-0.355948,-0.798218,0.041678,0.600925),fov=35.000000,dt=0.023072},
	{cf=CFrame.new(24.200439,14.886871,16.888184,0.506660,0.287432,0.812821,-0.191812,0.956740,-0.218762,-0.840538,-0.045070,0.539875),fov=35.000000,dt=0.030270},
	{cf=CFrame.new(28.329468,15.745728,13.909058,0.422399,0.237361,0.874779,-0.155074,0.969798,-0.188264,-0.893046,-0.056133,0.446451),fov=35.000000,dt=0.030260},
	{cf=CFrame.new(31.385742,15.152924,11.718628,0.327513,0.204725,0.922400,-0.120271,0.977336,-0.174214,-0.937160,-0.053881,0.344713),fov=35.000000,dt=0.026024},
	{cf=CFrame.new(34.031982,14.646057,9.062744,0.240839,0.191022,0.951581,-0.092814,0.980480,-0.173332,-0.966117,-0.046575,0.253868),fov=35.000000,dt=0.025571},
	{cf=CFrame.new(36.614258,13.903534,6.079224,0.151633,0.190482,0.969909,-0.068099,0.980937,-0.182002,-0.986088,-0.038452,0.161714),fov=35.000000,dt=0.024026},
	{cf=CFrame.new(39.033081,12.667175,2.777466,0.062003,0.200017,0.977829,-0.046661,0.979223,-0.197343,-0.996985,-0.033391,0.070048),fov=35.000000,dt=0.026596},
	{cf=CFrame.new(40.513184,11.095673,-0.569214,-0.019891,0.214321,0.976561,-0.028878,0.976223,-0.214835,-0.999385,-0.032474,-0.013229),fov=35.000000,dt=0.022054},
	{cf=CFrame.new(42.387085,9.838287,-3.699097,-0.083239,0.224229,0.970975,-0.016914,0.973898,-0.226355,-0.996386,-0.035265,-0.077273),fov=35.000000,dt=0.024626},
	{cf=CFrame.new(43.542114,7.771606,-7.322998,-0.162703,0.222835,0.961183,-0.006972,0.973880,-0.226958,-0.986651,-0.043628,-0.156899),fov=35.000000,dt=0.025119},
	{cf=CFrame.new(44.229126,6.644897,-10.750000,-0.245752,0.200917,0.948281,-0.001117,0.978224,-0.207551,-0.969332,-0.052065,-0.240176),fov=35.000000,dt=0.025627},
	{cf=CFrame.new(45.268188,7.936707,-16.317139,-0.347838,0.134946,0.927792,0.000264,0.989601,-0.143837,-0.937555,-0.049787,-0.344256),fov=35.000000,dt=0.026263},
	{cf=CFrame.new(45.747437,10.326721,-22.168457,-0.434197,0.059263,0.898866,0.000346,0.997845,-0.065621,-0.900818,-0.028181,-0.433281),fov=35.000000,dt=0.025423},
	{cf=CFrame.new(44.619751,13.200470,-27.058105,-0.517343,-0.019857,0.855548,0.000358,0.999726,0.023419,-0.855778,0.012422,-0.517194),fov=35.000000,dt=0.024859},
	{cf=CFrame.new(42.629761,16.448181,-31.469849,-0.596076,-0.088726,0.798010,0.000316,0.993850,0.110736,-0.802928,0.066260,-0.592382),fov=35.000000,dt=0.025841},
	{cf=CFrame.new(39.923218,19.600433,-36.111328,-0.669364,-0.137405,0.730117,0.000269,0.982703,0.185187,-0.742934,0.124154,-0.657750),fov=35.000000,dt=0.024166},
	{cf=CFrame.new(35.629761,21.780121,-40.614136,-0.746744,-0.161402,0.645230,0.000175,0.970061,0.242860,-0.665111,0.181467,-0.724360),fov=35.000000,dt=0.026906},
	{cf=CFrame.new(31.743530,21.689636,-43.690796,-0.805381,-0.155430,0.572017,0.000001,0.965009,0.262216,-0.592758,0.211184,-0.777200),fov=35.000000,dt=0.028163},
	{cf=CFrame.new(28.769897,20.051758,-45.444092,-0.844502,-0.140296,0.516849,-0.000003,0.965078,0.261962,-0.535552,0.221226,-0.815011),fov=35.000000,dt=0.028158},
	{cf=CFrame.new(25.575317,18.475525,-46.904663,-0.878770,-0.124250,0.460788,-0.000005,0.965517,0.260340,-0.477246,0.228777,-0.848468),fov=35.000000,dt=0.032606},
	{cf=CFrame.new(22.761597,17.262543,-48.166504,-0.904212,-0.109924,0.412694,-0.000006,0.966312,0.257372,-0.427083,0.232717,-0.873752),fov=35.000000,dt=0.034118},
	{cf=CFrame.new(20.333252,16.283264,-48.952881,-0.922991,-0.097439,0.372281,-0.000006,0.967416,0.253193,-0.384822,0.233692,-0.892917),fov=35.000000,dt=0.035912},
	{cf=CFrame.new(18.350708,15.336761,-49.241089,-0.936796,-0.086752,0.338951,-0.000006,0.968777,0.247934,-0.349877,0.232262,-0.907546),fov=35.000000,dt=0.032282},
	{cf=CFrame.new(16.734863,14.442719,-49.256714,-0.946927,-0.077708,0.311915,-0.000005,0.970344,0.241726,-0.321449,0.228895,-0.918846),fov=35.000000,dt=0.033526},
	{cf=CFrame.new(15.360962,13.623505,-48.996582,-0.954377,-0.070084,0.290263,-0.000005,0.972070,0.234692,-0.298604,0.223983,-0.927721),fov=35.000000,dt=0.036358},
	{cf=CFrame.new(14.192871,12.867279,-48.524292,-0.959908,-0.063622,0.272999,-0.000004,0.973906,0.226950,-0.280315,0.217850,-0.934861),fov=35.000000,dt=0.031492},
	{cf=CFrame.new(13.190918,12.161377,-47.891602,-0.964114,-0.058042,0.259064,-0.000004,0.975812,0.218613,-0.265487,0.210767,-0.940794),fov=35.000000,dt=0.030293},
	{cf=CFrame.new(12.417847,11.583923,-47.221069,-0.967084,-0.053671,0.248733,-0.000004,0.977506,0.210907,-0.254458,0.203964,-0.945330),fov=35.000000,dt=0.033197},
	{cf=CFrame.new(11.588501,10.949615,-46.343750,-0.970094,-0.048970,0.237739,-0.000004,0.979442,0.201727,-0.242730,0.195694,-0.950151),fov=35.000000,dt=0.032525},
	{cf=CFrame.new(10.759155,10.312286,-45.367676,-0.972976,-0.044391,0.226600,-0.000004,0.981350,0.192229,-0.230908,0.187033,-0.954830),fov=35.000000,dt=0.033293},
	{cf=CFrame.new(9.931763,9.677063,-44.297729,-0.975739,-0.039959,0.215260,-0.000005,0.983207,0.182493,-0.218938,0.178065,-0.959354),fov=35.000000,dt=0.031424},
	{cf=CFrame.new(9.112305,9.050995,-43.138306,-0.978373,-0.035705,0.203742,-0.000005,0.984993,0.172592,-0.206847,0.168859,-0.963691),fov=35.000000,dt=0.033080},
	{cf=CFrame.new(8.405640,8.515564,-42.054810,-0.980567,-0.032148,0.193533,-0.000004,0.986486,0.163847,-0.196185,0.160663,-0.967315),fov=35.000000,dt=0.030478},
	{cf=CFrame.new(7.711670,7.994995,-40.911255,-0.982652,-0.028758,0.183214,-0.000001,0.987905,0.155063,-0.185458,0.152373,-0.970767),fov=35.000000,dt=0.030406},
	{cf=CFrame.new(6.938843,7.423462,-39.532349,-0.984901,-0.025107,0.171289,-0.000001,0.989428,0.145022,-0.173119,0.142832,-0.974489),fov=35.000000,dt=0.028438},
	{cf=CFrame.new(6.283325,6.946899,-38.267944,-0.986748,-0.022115,0.160744,-0.000003,0.990672,0.136271,-0.162258,0.134465,-0.977544),fov=35.000000,dt=0.029877},
	{cf=CFrame.new(5.737915,6.556519,-37.147095,-0.988242,-0.019699,0.151626,-0.000003,0.991669,0.128815,-0.152900,0.127300,-0.980008),fov=35.000000,dt=0.030147},
	{cf=CFrame.new(5.122192,6.123444,-35.800049,-0.989877,-0.017058,0.140898,-0.000000,0.992751,0.120188,-0.141927,0.118972,-0.982702),fov=35.000000,dt=0.031910},
	{cf=CFrame.new(4.449585,5.661407,-34.210938,-0.991607,-0.014281,0.128500,-0.000000,0.993882,0.110450,-0.129292,0.109523,-0.985540),fov=35.000000,dt=0.025582},
	{cf=CFrame.new(3.890259,5.287079,-32.782959,-0.992996,-0.012061,0.117530,-0.000003,0.994778,0.102060,-0.118148,0.101345,-0.987811),fov=35.000000,dt=0.032357},
	{cf=CFrame.new(3.358276,4.939850,-31.326904,-0.994268,-0.010032,0.106439,-0.000004,0.995591,0.093801,-0.106911,0.093263,-0.989885),fov=35.000000,dt=0.028167},
	{cf=CFrame.new(2.854736,4.619934,-29.847290,-0.995423,-0.008191,0.095213,-0.000003,0.996323,0.085681,-0.095565,0.085289,-0.991763),fov=35.000000,dt=0.027529},
	{cf=CFrame.new(2.380371,4.327209,-28.348755,-0.996458,-0.006535,0.083841,-0.000000,0.996976,0.077712,-0.084096,0.077437,-0.993444),fov=35.000000,dt=0.028234},
	{cf=CFrame.new(1.938599,4.063629,-26.835327,-0.997370,-0.005070,0.072295,-0.000003,0.997553,0.069915,-0.072473,0.069731,-0.994930),fov=35.000000,dt=0.030314},
	{cf=CFrame.new(1.584106,3.858368,-25.531128,-0.998052,-0.003955,0.062253,-0.000003,0.997991,0.063358,-0.062379,0.063235,-0.996047),fov=35.000000,dt=0.025417},
	{cf=CFrame.new(1.199097,3.642456,-24.005371,-0.998727,-0.002818,0.050353,-0.000000,0.998438,0.055865,-0.050432,0.055794,-0.997168),fov=35.000000,dt=0.029203},
	{cf=CFrame.new(0.848511,3.453461,-22.480225,-0.999268,-0.001861,0.038211,-0.000003,0.998820,0.048559,-0.038257,0.048524,-0.998089),fov=35.000000,dt=0.028040},
	{cf=CFrame.new(0.572876,3.310120,-21.177124,-0.999618,-0.001175,0.027601,-0.000003,0.999100,0.042428,-0.027627,0.042412,-0.998718),fov=35.000000,dt=0.025597},
	{cf=CFrame.new(0.321411,3.183838,-19.881104,-0.999859,-0.000615,0.016789,-0.000003,0.999336,0.036437,-0.016800,0.036432,-0.999195),fov=35.000000,dt=0.027766},
	{cf=CFrame.new(0.058716,3.057190,-18.382568,-0.999992,-0.000118,0.003877,-0.000004,0.999562,0.029609,-0.003879,0.029608,-0.999554),fov=35.000000,dt=0.028536},
	{cf=CFrame.new(-0.141968,2.964142,-17.112061,-0.999972,0.000169,-0.007445,-0.000009,0.999715,0.023885,0.007447,0.023884,-0.999687),fov=35.000000,dt=0.023638},
	{cf=CFrame.new(-0.338745,2.888458,-15.845337,-0.999776,0.000344,-0.021151,-0.000046,0.999830,0.018453,0.021153,0.018450,-0.999606),fov=35.000000,dt=0.026274},
	{cf=CFrame.new(-0.574707,2.817749,-14.374756,-0.999127,0.000364,-0.041769,-0.000156,0.999923,0.012430,0.041770,0.012426,-0.999050),fov=35.000000,dt=0.026746},
	{cf=CFrame.new(-0.736938,2.778137,-13.348022,-0.998214,0.000320,-0.059744,-0.000175,0.999966,0.008279,0.059744,0.008274,-0.998180),fov=35.000000,dt=0.022728},
	{cf=CFrame.new(-0.916992,2.739777,-12.157837,-0.996427,0.000177,-0.084452,-0.000109,0.999994,0.003384,0.084452,0.003382,-0.996422),fov=35.000000,dt=0.024790},
	{cf=CFrame.new(-1.070557,2.711426,-11.048340,-0.993570,-0.000173,-0.113219,-0.000008,0.999999,-0.001459,0.113219,-0.001449,-0.993569),fov=35.000000,dt=0.026405},
	{cf=CFrame.new(-1.218506,2.686676,-9.871216,-0.988541,-0.001081,-0.150948,-0.000007,0.999975,-0.007113,0.150951,-0.007031,-0.988516),fov=35.000000,dt=0.025862},
	{cf=CFrame.new(-1.319580,2.670959,-8.995483,-0.982374,-0.002247,-0.186911,-0.000008,0.999928,-0.011980,0.186924,-0.011768,-0.982304),fov=35.000000,dt=0.026149},
	{cf=CFrame.new(-1.405151,2.657898,-8.262207,-0.974169,-0.003817,-0.225788,-0.000009,0.999858,-0.016865,0.225820,-0.016428,-0.974030),fov=35.000000,dt=0.029297},
	{cf=CFrame.new(-1.485840,2.644196,-7.545410,-0.961710,-0.006182,-0.274000,-0.000000,0.999746,-0.022557,0.274069,-0.021693,-0.961465),fov=35.000000,dt=0.023812},
	{cf=CFrame.new(-1.534790,2.632751,-7.032349,-0.948359,-0.008693,-0.317080,-0.000012,0.999625,-0.027367,0.317199,-0.025950,-0.948004),fov=35.000000,dt=0.026717},
	{cf=CFrame.new(-1.571533,2.620636,-6.593628,-0.932721,-0.011561,-0.360413,-0.000000,0.999486,-0.032061,0.360598,-0.029904,-0.932242),fov=35.000000,dt=0.026119},
	{cf=CFrame.new(-1.601196,2.604095,-6.192017,-0.912052,-0.015280,-0.409789,-0.000009,0.999306,-0.037241,0.410074,-0.033963,-0.911420),fov=35.000000,dt=0.029875},
	{cf=CFrame.new(-1.626343,2.581970,-5.885986,-0.889506,-0.019218,-0.456519,0.000069,0.999110,-0.042192,0.456923,-0.037561,-0.888713),fov=35.000000,dt=0.025702},
	{cf=CFrame.new(-1.647949,2.554016,-5.720825,-0.872559,-0.022128,-0.488008,0.000533,0.998930,-0.046248,0.488509,-0.040614,-0.871613),fov=35.000000,dt=0.021969},
	{cf=CFrame.new(-1.683105,2.501312,-5.575073,-0.851631,-0.025673,-0.523513,0.001905,0.998641,-0.052072,0.524138,-0.045343,-0.850425),fov=35.000000,dt=0.023495},
	{cf=CFrame.new(-1.721313,2.442017,-5.488037,-0.833886,-0.028623,-0.551194,0.003816,0.998332,-0.057615,0.551923,-0.050148,-0.832386),fov=35.000000,dt=0.024644},
	{cf=CFrame.new(-1.777222,2.354767,-5.411011,-0.812311,-0.032132,-0.582338,0.007049,0.997867,-0.064893,0.583181,-0.056818,-0.810353),fov=35.000000,dt=0.021365},
	{cf=CFrame.new(-1.833496,2.266632,-5.364502,-0.794334,-0.034951,-0.606474,0.010710,0.997383,-0.071507,0.607386,-0.063296,-0.791881),fov=35.000000,dt=0.021422},
	{cf=CFrame.new(-1.895996,2.167145,-5.324463,-0.776280,-0.037694,-0.629260,0.015194,0.996802,-0.078455,0.630204,-0.070464,-0.773225),fov=35.000000,dt=0.020624},
	{cf=CFrame.new(-1.949585,2.079834,-5.292847,-0.761781,-0.039825,-0.646610,0.019400,0.996259,-0.084215,0.647544,-0.076698,-0.758158),fov=35.000000,dt=0.021466},
	{cf=CFrame.new(-2.036133,1.937256,-5.242310,-0.739710,-0.042910,-0.671556,0.026735,0.995303,-0.093044,0.672395,-0.086780,-0.735088),fov=35.000000,dt=0.020141},
	{cf=CFrame.new(-2.101074,1.833649,-5.206543,-0.724337,-0.044838,-0.687986,0.032426,0.994563,-0.098959,0.688682,-0.093988,-0.718946),fov=35.000000,dt=0.019398},
	{cf=CFrame.new(-2.211182,1.666718,-5.145020,-0.699193,-0.047570,-0.713348,0.042278,0.993287,-0.107677,0.713681,-0.105446,-0.692489),fov=35.000000,dt=0.022251},
	{cf=CFrame.new(-2.313721,1.519531,-5.083984,-0.675636,-0.049788,-0.735552,0.051657,0.992068,-0.114600,0.735423,-0.115424,-0.667706),fov=35.000000,dt=0.021154},
	{cf=CFrame.new(-2.426880,1.365936,-5.010620,-0.648663,-0.051958,-0.759300,0.062249,0.990702,-0.120971,0.758525,-0.125735,-0.639398),fov=35.000000,dt=0.021341},
	{cf=CFrame.new(-2.551636,1.206329,-4.918091,-0.616565,-0.054049,-0.785447,0.074387,0.989178,-0.126461,0.783782,-0.136399,-0.605872),fov=35.000000,dt=0.019849},
	{cf=CFrame.new(-2.685059,1.043457,-4.807983,-0.578991,-0.056032,-0.813406,0.087995,0.987514,-0.130661,0.810571,-0.147227,-0.566832),fov=35.000000,dt=0.027823},
	{cf=CFrame.new(-2.855347,0.846619,-4.652710,-0.525673,-0.057993,-0.848708,0.106275,0.985381,-0.133157,0.844022,-0.160194,-0.511825),fov=35.000000,dt=0.021047},
	{cf=CFrame.new(-3.006958,0.684814,-4.498901,-0.471838,-0.058534,-0.879740,0.123525,0.983564,-0.131693,0.872989,-0.170807,-0.456853),fov=35.000000,dt=0.017324},
	{cf=CFrame.new(-3.133179,0.558655,-4.361816,-0.422631,-0.058100,-0.904437,0.138375,0.982106,-0.127750,0.895676,-0.179143,-0.407029),fov=35.116280,dt=0.019744},
	{cf=CFrame.new(-3.330322,0.378876,-4.129150,-0.337004,-0.055179,-0.939885,0.162281,0.979936,-0.115718,0.927412,-0.191523,-0.321288),fov=35.426357,dt=0.022098},
	{cf=CFrame.new(-3.465942,0.268158,-3.954712,-0.271689,-0.051223,-0.961021,0.179011,0.978466,-0.102761,0.945590,-0.199952,-0.256669),fov=35.658916,dt=0.017126},
	{cf=CFrame.new(-3.603516,0.167084,-3.763916,-0.199917,-0.045322,-0.978764,0.196004,0.976889,-0.085269,0.960008,-0.208888,-0.186414),fov=35.852715,dt=0.014935},
	{cf=CFrame.new(-3.741699,0.077789,-3.556274,-0.122278,-0.037268,-0.991796,0.212837,0.975062,-0.062880,0.969406,-0.218779,-0.111297),fov=36.124031,dt=0.018270},
	{cf=CFrame.new(-3.878418,0.002472,-3.331299,-0.039878,-0.027021,-0.998839,0.229013,0.972777,-0.035459,0.972606,-0.230161,-0.032605),fov=36.356590,dt=0.017497},
	{cf=CFrame.new(-4.011353,-0.056671,-3.089478,0.045654,-0.014749,-0.998848,0.244008,0.969768,-0.003167,0.968698,-0.243582,0.047872),fov=36.627907,dt=0.019780},
	{cf=CFrame.new(-4.169189,-0.106842,-2.766479,0.153922,0.002509,-0.988080,0.260227,0.964590,0.042988,0.953200,-0.263742,0.147818),fov=36.899227,dt=0.019196},
	{cf=CFrame.new(-4.310425,-0.122131,-2.420532,0.259437,0.021741,-0.965515,0.273446,0.957182,0.095029,0.926240,-0.288670,0.242383),fov=37.131783,dt=0.016078},
	{cf=CFrame.new(-4.410767,-0.112091,-2.133789,0.339389,0.036983,-0.939919,0.281341,0.949495,0.138948,0.897587,-0.311595,0.311843),fov=37.403099,dt=0.020375},
	{cf=CFrame.new(-4.516479,-0.068237,-1.767334,0.430918,0.055222,-0.900700,0.288156,0.937448,0.195336,0.855147,-0.343716,0.388051),fov=37.674416,dt=0.018123},
	{cf=CFrame.new(-4.584961,0.000061,-1.475952,0.496480,0.070414,-0.865187,0.291385,0.925354,0.242519,0.817681,-0.372508,0.438902),fov=37.945736,dt=0.020660},
	{cf=CFrame.new(-4.650146,0.151123,-1.129761,0.568654,0.093870,-0.817203,0.293026,0.905178,0.307879,0.768615,-0.414538,0.487226),fov=38.217052,dt=0.018758},
	{cf=CFrame.new(-4.693726,0.375458,-0.812988,0.630856,0.120496,-0.766486,0.292312,0.878171,0.378641,0.718732,-0.462921,0.518777),fov=38.527126,dt=0.021142},
	{cf=CFrame.new(-4.713623,0.666351,-0.535889,0.683042,0.146998,-0.715434,0.290425,0.844105,0.450711,0.670155,-0.515634,0.533867),fov=38.798450,dt=0.019378},
	{cf=CFrame.new(-4.714966,0.997375,-0.294800,0.727650,0.169842,-0.664590,0.286998,0.804602,0.519853,0.623024,-0.569007,0.536724),fov=39.069767,dt=0.020472},
	{cf=CFrame.new(-4.703491,1.280914,-0.127808,0.758527,0.184651,-0.624933,0.283400,0.770093,0.571525,0.586789,-0.610623,0.531806),fov=39.341087,dt=0.018979},
	{cf=CFrame.new(-4.674316,1.646118,0.050415,0.791933,0.198457,-0.577458,0.278066,0.724744,0.630418,0.543620,-0.659819,0.518764),fov=39.651161,dt=0.021922},
	{cf=CFrame.new(-4.619385,2.080322,0.222900,0.825369,0.208197,-0.524804,0.270881,0.669529,0.691632,0.495368,-0.713011,0.496212),fov=39.961239,dt=0.022631},
	{cf=CFrame.new(-4.546875,2.488281,0.359741,0.852916,0.211272,-0.477386,0.263030,0.615982,0.742550,0.450942,-0.758900,0.469810),fov=40.310078,dt=0.024446},
	{cf=CFrame.new(-4.476318,2.794525,0.455933,0.872340,0.209530,-0.441723,0.255952,0.574067,0.777776,0.416546,-0.791545,0.447152),fov=40.581394,dt=0.021324},
	{cf=CFrame.new(-4.380127,3.112274,0.549561,0.891709,0.203934,-0.404061,0.247449,0.527845,0.812495,0.378978,-0.824494,0.420221),fov=40.930233,dt=0.024630},
	{cf=CFrame.new(-4.256836,3.438385,0.631958,0.910658,0.194645,-0.364438,0.236739,0.477083,0.846372,0.338609,-0.857033,0.388380),fov=41.356590,dt=0.029512},
	{cf=CFrame.new(-4.123169,3.719208,0.688354,0.926407,0.183448,-0.328810,0.225312,0.429574,0.874472,0.301669,-0.884202,0.356627),fov=41.744186,dt=0.026978},
	{cf=CFrame.new(-3.980957,3.957153,0.721191,0.939542,0.171167,-0.296584,0.213240,0.385231,0.897845,0.267935,-0.906807,0.325441),fov=42.170547,dt=0.030195},
	{cf=CFrame.new(-3.833130,4.161041,0.735596,0.950698,0.158116,-0.266780,0.200320,0.343597,0.917504,0.236737,-0.925711,0.294983),fov=42.596901,dt=0.033116},
	{cf=CFrame.new(-3.660400,4.358185,0.732300,0.961415,0.142685,-0.235207,0.184610,0.299264,0.936141,0.203962,-0.943442,0.261376),fov=43.100777,dt=0.033731},
	{cf=CFrame.new(-3.465942,4.542908,0.706177,0.971281,0.125121,-0.202380,0.165913,0.253509,0.952999,0.170546,-0.959207,0.225469),fov=43.565891,dt=0.034163},
	{cf=CFrame.new(-3.297729,4.681824,0.664673,0.978364,0.109736,-0.175392,0.148682,0.216583,0.964876,0.143869,-0.970077,0.195582),fov=44.031006,dt=0.032659},
	{cf=CFrame.new(-3.138306,4.804413,0.605957,0.984057,0.094910,-0.150412,0.131243,0.183239,0.974269,0.120030,-0.978476,0.167860),fov=44.496124,dt=0.034238},
	{cf=CFrame.new(-2.992676,4.917389,0.529053,0.988518,0.081010,-0.127549,0.114066,0.153542,0.981536,0.099099,-0.984816,0.142539),fov=45.000000,dt=0.035869},
	{cf=CFrame.new(-2.865601,5.027191,0.432129,0.991899,0.068414,-0.107033,0.097709,0.127530,0.987010,0.081175,-0.989472,0.119812),fov=45.000000,dt=0.030202},
	{cf=CFrame.new(-2.774048,5.125702,0.328369,0.994090,0.058772,-0.091276,0.084579,0.107804,0.990568,0.068058,-0.992433,0.102196),fov=45.000000,dt=0.030557},
	{cf=CFrame.new(-2.703125,5.229767,0.205933,0.995694,0.050571,-0.077695,0.072893,0.090719,0.993205,0.057276,-0.994592,0.086642),fov=45.000000,dt=0.029806},
	{cf=CFrame.new(-2.643921,5.333405,0.076782,0.996890,0.043526,-0.065692,0.062291,0.075348,0.995210,0.048267,-0.996207,0.072403),fov=45.000000,dt=0.030769},
	{cf=CFrame.new(-2.596191,5.416443,-0.029907,0.997686,0.038189,-0.056255,0.053776,0.063114,0.996557,0.041608,-0.997275,0.060915),fov=45.000000,dt=0.023044},
	{cf=CFrame.new(-2.536011,5.520081,-0.164551,0.998495,0.031810,-0.044677,0.043119,0.048107,0.997911,0.033893,-0.998336,0.046663),fov=45.000000,dt=0.031699},
	{cf=CFrame.new(-2.493042,5.592651,-0.258667,0.998947,0.027521,-0.036706,0.035651,0.037887,0.998646,0.028875,-0.998903,0.036866),fov=45.000000,dt=0.028879},
	{cf=CFrame.new(-2.445068,5.671356,-0.358276,0.999335,0.023065,-0.028227,0.027594,0.027319,0.999246,0.023819,-0.999361,0.026664),fov=45.000000,dt=0.027349},
	{cf=CFrame.new(-2.398804,5.744568,-0.446167,0.999608,0.019055,-0.020501,0.020155,0.018174,0.999632,0.019421,-0.999653,0.017783),fov=45.000000,dt=0.029362},
	{cf=CFrame.new(-2.353638,5.812714,-0.520630,0.999790,0.015421,-0.013480,0.013319,0.010541,0.999856,0.015560,-0.999825,0.010334),fov=45.000000,dt=0.029981},
	{cf=CFrame.new(-2.315430,5.867249,-0.572388,0.999889,0.012576,-0.008004,0.007938,0.005311,0.999954,0.012618,-0.999907,0.005211),fov=45.000000,dt=0.024686},
	{cf=CFrame.new(-2.270996,5.926727,-0.616943,0.999952,0.009509,-0.002214,0.002206,0.000834,0.999997,0.009511,-0.999954,0.000813),fov=45.000000,dt=0.029681},
	{cf=CFrame.new(-2.239014,5.966797,-0.638062,0.999971,0.007451,0.001594,-0.001584,-0.001282,0.999998,0.007453,-0.999972,-0.001271),fov=45.000000,dt=0.019282},
	{cf=CFrame.new(-2.206665,6.005035,-0.649658,0.999973,0.005264,0.005080,-0.005067,-0.002473,0.999984,0.005277,-0.999983,-0.002446),fov=45.000000,dt=0.020271},
	{cf=CFrame.new(-2.173706,6.041260,-0.649658,0.999958,0.003457,0.008462,-0.008453,-0.002539,0.999961,0.003478,-0.999991,-0.002510),fov=45.000000,dt=0.026119},
	{cf=CFrame.new(-2.133911,6.082397,-0.638916,0.999927,0.001341,0.011986,-0.011983,-0.001595,0.999927,0.001360,-0.999998,-0.001579),fov=45.000000,dt=0.019128},
	{cf=CFrame.new(-2.108887,6.107910,-0.630859,0.999900,0.000032,0.014132,-0.014132,-0.000868,0.999900,0.000044,-1.000000,-0.000868),fov=45.000000,dt=0.016418},
	{cf=CFrame.new(-2.080078,6.137665,-0.621704,0.999861,-0.001469,0.016607,-0.016607,-0.000048,0.999862,-0.001468,-0.999999,-0.000072),fov=45.000000,dt=0.020129},
	{cf=CFrame.new(-2.053955,6.164703,-0.614014,0.999819,-0.002807,0.018828,-0.018826,0.000651,0.999822,-0.002819,-0.999996,0.000598),fov=45.000000,dt=0.023359},
	{cf=CFrame.new(-2.030273,6.189514,-0.607178,0.999775,-0.004023,0.020843,-0.020838,0.001262,0.999782,-0.004048,-0.999991,0.001178),fov=45.000000,dt=0.019947},
	{cf=CFrame.new(-2.008667,6.212219,-0.601562,0.999730,-0.005115,0.022662,-0.022653,0.001792,0.999742,-0.005154,-0.999985,0.001675),fov=45.000000,dt=0.019023},
	{cf=CFrame.new(-1.989380,6.232880,-0.596680,0.999686,-0.006100,0.024292,-0.024279,0.002226,0.999703,-0.006153,-0.999979,0.002078),fov=45.000000,dt=0.021065},
	{cf=CFrame.new(-1.972168,6.251312,-0.592896,0.999645,-0.006960,0.025724,-0.025706,0.002572,0.999666,-0.007024,-0.999973,0.002392),fov=45.000000,dt=0.019515},
	{cf=CFrame.new(-1.959839,6.264771,-0.590454,0.999613,-0.007578,0.026754,-0.026734,0.002802,0.999639,-0.007650,-0.999967,0.002598),fov=45.000000,dt=0.021448},
	{cf=CFrame.new(-1.946167,6.279938,-0.588013,0.999577,-0.008265,0.027897,-0.027873,0.003030,0.999607,-0.008346,-0.999961,0.002799),fov=45.000000,dt=0.019099},
	{cf=CFrame.new(-1.936401,6.290833,-0.586548,0.999550,-0.008750,0.028706,-0.028679,0.003171,0.999584,-0.008837,-0.999957,0.002919),fov=45.000000,dt=0.017350},
	{cf=CFrame.new(-1.925781,6.303040,-0.585327,0.999519,-0.009285,0.029594,-0.029566,0.003227,0.999558,-0.009377,-0.999952,0.002951),fov=45.000000,dt=0.019385},
	{cf=CFrame.new(-1.918335,6.311676,-0.584717,0.999497,-0.009651,0.030206,-0.030177,0.003217,0.999539,-0.009744,-0.999948,0.002924),fov=45.000000,dt=0.018683},
	{cf=CFrame.new(-1.910156,6.321259,-0.584473,0.999473,-0.010056,0.030873,-0.030842,0.003204,0.999519,-0.010151,-0.999944,0.002892),fov=45.000000,dt=0.018358},
	{cf=CFrame.new(-1.904785,6.327881,-0.584473,0.999456,-0.010326,0.031318,-0.031287,0.003192,0.999505,-0.010421,-0.999942,0.002867),fov=45.000000,dt=0.021494},
	{cf=CFrame.new(-1.899170,6.334961,-0.584961,0.999439,-0.010600,0.031779,-0.031747,0.003175,0.999491,-0.010696,-0.999939,0.002837),fov=45.000000,dt=0.018862},
	{cf=CFrame.new(-1.894531,6.340912,-0.585571,0.999424,-0.010828,0.032152,-0.032120,0.003157,0.999479,-0.010924,-0.999937,0.002807),fov=45.000000,dt=0.018221},
	{cf=CFrame.new(-1.890869,6.345825,-0.586548,0.999413,-0.011005,0.032450,-0.032417,0.003137,0.999469,-0.011101,-0.999934,0.002779),fov=45.000000,dt=0.020763},
	{cf=CFrame.new(-1.888184,6.349823,-0.587524,0.999404,-0.011145,0.032674,-0.032641,0.003120,0.999462,-0.011241,-0.999933,0.002754),fov=45.000000,dt=0.022746},
	{cf=CFrame.new(-1.885864,6.353333,-0.588867,0.999397,-0.011254,0.032847,-0.032814,0.003096,0.999457,-0.011349,-0.999932,0.002725),fov=45.000000,dt=0.024573},
	{cf=CFrame.new(-1.884644,6.355530,-0.590088,0.999393,-0.011285,0.032961,-0.032928,0.003044,0.999453,-0.011379,-0.999932,0.002671),fov=45.000000,dt=0.021315},
	{cf=CFrame.new(-1.883789,6.357300,-0.591187,0.999392,-0.011289,0.032982,-0.032950,0.002954,0.999452,-0.011380,-0.999932,0.002580),fov=45.000000,dt=0.024396},
	{cf=CFrame.new(-1.883423,6.358276,-0.592041,0.999392,-0.011291,0.032987,-0.032956,0.002907,0.999453,-0.011381,-0.999932,0.002533),fov=45.000000,dt=0.023316},
	{cf=CFrame.new(-1.883301,6.358643,-0.592651,0.999392,-0.011292,0.032982,-0.032951,0.002906,0.999453,-0.011382,-0.999932,0.002532),fov=45.000000,dt=0.025397},
	{cf=CFrame.new(-1.883301,6.358734,-0.592773,0.999392,-0.011294,0.032988,-0.032957,0.002904,0.999453,-0.011384,-0.999932,0.002530),fov=45.000000,dt=0.025680},
	{cf=CFrame.new(-1.883301,6.358734,-0.592773,0.999392,-0.011298,0.032989,-0.032958,0.002903,0.999452,-0.011387,-0.999932,0.002529),fov=45.000000,dt=0.024441},
	{cf=CFrame.new(-1.883301,6.358734,-0.592773,0.999392,-0.011296,0.032987,-0.032956,0.002901,0.999452,-0.011385,-0.999932,0.002527),fov=45.000000,dt=0.022081},
	{cf=CFrame.new(-1.883301,6.358704,-0.592773,0.999392,-0.011299,0.032992,-0.032961,0.002900,0.999452,-0.011389,-0.999932,0.002525),fov=45.000000,dt=0.025729},
	{cf=CFrame.new(-1.883301,6.358734,-0.592651,0.999392,-0.011300,0.032989,-0.032959,0.002898,0.999453,-0.011390,-0.999932,0.002523),fov=45.000000,dt=0.024928},
	{cf=CFrame.new(-1.883301,6.358765,-0.592773,0.999392,-0.011303,0.032994,-0.032963,0.002896,0.999452,-0.011393,-0.999932,0.002522),fov=45.000000,dt=0.022336},
	{cf=CFrame.new(-1.883301,6.358734,-0.592773,0.999392,-0.011304,0.032993,-0.032963,0.002895,0.999452,-0.011393,-0.999932,0.002521),fov=45.000000,dt=0.019265},
	{cf=CFrame.new(-1.883301,6.358704,-0.592773,0.999392,-0.011305,0.032993,-0.032962,0.002894,0.999452,-0.011394,-0.999932,0.002519),fov=45.000000,dt=0.018610},
	{cf=CFrame.new(-1.883301,6.358765,-0.592773,0.999392,-0.011308,0.032993,-0.032963,0.002893,0.999452,-0.011398,-0.999932,0.002518),fov=45.000000,dt=0.017246},
	{cf=CFrame.new(-1.883301,6.358704,-0.592896,0.999392,-0.011310,0.032994,-0.032963,0.002891,0.999452,-0.011399,-0.999932,0.002517),fov=45.000000,dt=0.019946},
	{cf=CFrame.new(-1.883423,6.358704,-0.592773,0.999391,-0.011311,0.032997,-0.032966,0.002891,0.999452,-0.011400,-0.999932,0.002516),fov=45.000000,dt=0.019214},
	{cf=CFrame.new(-1.883423,6.358734,-0.592651,0.999391,-0.011311,0.032996,-0.032965,0.002889,0.999452,-0.011400,-0.999932,0.002514),fov=45.000000,dt=0.023867},
	{cf=CFrame.new(-1.883179,6.358765,-0.592773,0.999392,-0.011313,0.032996,-0.032966,0.002887,0.999453,-0.011402,-0.999932,0.002512),fov=45.000000,dt=0.023660},
	{cf=CFrame.new(-1.883301,6.358734,-0.592651,0.999392,-0.011312,0.032996,-0.032966,0.002886,0.999452,-0.011401,-0.999932,0.002511),fov=45.000000,dt=0.019153},
	{cf=CFrame.new(-1.883301,6.358734,-0.592773,0.999391,-0.011313,0.033001,-0.032970,0.002885,0.999452,-0.011402,-0.999932,0.002510),fov=45.000000,dt=0.019749},
	{cf=CFrame.new(-1.883301,6.358749,-0.592896,0.999391,-0.011317,0.033002,-0.032972,0.002884,0.999452,-0.011406,-0.999932,0.002509),fov=45.000000,dt=0.021749},
	{cf=CFrame.new(-1.883362,6.358719,-0.592773,0.999391,-0.011318,0.033000,-0.032969,0.002882,0.999452,-0.011407,-0.999932,0.002507),fov=45.000000,dt=0.023255},
	{cf=CFrame.new(-1.883362,6.358704,-0.592773,0.999391,-0.011321,0.033001,-0.032971,0.002880,0.999452,-0.011410,-0.999932,0.002505),fov=45.000000,dt=0.019083},
	{cf=CFrame.new(-1.883362,6.358765,-0.592651,0.999391,-0.011323,0.033003,-0.032972,0.002880,0.999452,-0.011412,-0.999932,0.002504),fov=45.000000,dt=0.020514},
	{cf=CFrame.new(-1.883301,6.358749,-0.592651,0.999391,-0.011317,0.033001,-0.032971,0.002878,0.999452,-0.011406,-0.999932,0.002503),fov=45.000000,dt=0.019595},
	{cf=CFrame.new(-1.883301,6.358734,-0.592773,0.999391,-0.011321,0.033004,-0.032973,0.002877,0.999452,-0.011410,-0.999932,0.002502),fov=45.000000,dt=0.021565},
	{cf=CFrame.new(-1.883301,6.358749,-0.592773,0.999391,-0.011324,0.033005,-0.032975,0.002875,0.999452,-0.011413,-0.999932,0.002500),fov=45.000000,dt=0.025357},
	{cf=CFrame.new(-1.883301,6.358719,-0.592651,0.999391,-0.011324,0.033005,-0.032974,0.002873,0.999452,-0.011413,-0.999932,0.002498),fov=45.000000,dt=0.020716},
	{cf=CFrame.new(-1.883301,6.358719,-0.592896,0.999391,-0.011326,0.033008,-0.032978,0.002873,0.999452,-0.011415,-0.999932,0.002497),fov=45.000000,dt=0.016713},
	{cf=CFrame.new(-1.883362,6.358749,-0.592773,0.999391,-0.011322,0.033007,-0.032976,0.002871,0.999452,-0.011411,-0.999932,0.002496),fov=45.000000,dt=0.015260},
	{cf=CFrame.new(-1.883301,6.358719,-0.592773,0.999391,-0.011327,0.033009,-0.032979,0.002870,0.999452,-0.011415,-0.999932,0.002495),fov=45.000000,dt=0.019302},
	{cf=CFrame.new(-1.883301,6.358734,-0.592773,0.999391,-0.011329,0.033010,-0.032979,0.002869,0.999452,-0.011418,-0.999932,0.002494),fov=45.000000,dt=0.020548},
	{cf=CFrame.new(-1.883362,6.358757,-0.592651,0.999391,-0.011329,0.033008,-0.032977,0.002868,0.999452,-0.011418,-0.999932,0.002492),fov=45.000000,dt=0.017478},
	{cf=CFrame.new(-1.883301,6.358719,-0.592773,0.999391,-0.011333,0.033008,-0.032977,0.002866,0.999452,-0.011421,-0.999932,0.002491),fov=45.000000,dt=0.022122},
	{cf=CFrame.new(-1.883301,6.358742,-0.592651,0.999391,-0.011337,0.033010,-0.032980,0.002866,0.999452,-0.011425,-0.999932,0.002490),fov=45.000000,dt=0.021499},
	{cf=CFrame.new(-1.883301,6.358772,-0.592773,0.999391,-0.011334,0.033012,-0.032982,0.002864,0.999452,-0.011423,-0.999932,0.002488),fov=45.000000,dt=0.018040},
	{cf=CFrame.new(-1.883301,6.358711,-0.592773,0.999391,-0.011336,0.033014,-0.032983,0.002863,0.999452,-0.011425,-0.999932,0.002487),fov=45.000000,dt=0.016826},
	{cf=CFrame.new(-1.883301,6.358757,-0.592896,0.999391,-0.011336,0.033014,-0.032984,0.002862,0.999452,-0.011424,-0.999932,0.002486),fov=45.000000,dt=0.019524},
	{cf=CFrame.new(-1.883301,6.358757,-0.592773,0.999391,-0.011340,0.033015,-0.032984,0.002860,0.999452,-0.011428,-0.999932,0.002485),fov=45.000000,dt=0.017883},
	{cf=CFrame.new(-1.883331,6.358749,-0.592651,0.999390,-0.011341,0.033015,-0.032985,0.002859,0.999452,-0.011429,-0.999931,0.002483),fov=45.000000,dt=0.020932},
	{cf=CFrame.new(-1.883331,6.358749,-0.592773,0.999390,-0.011343,0.033016,-0.032986,0.002857,0.999452,-0.011431,-0.999932,0.002481),fov=45.000000,dt=0.024293},
	{cf=CFrame.new(-1.883301,6.358749,-0.592651,0.999390,-0.011340,0.033017,-0.032987,0.002856,0.999452,-0.011429,-0.999932,0.002480),fov=45.000000,dt=0.017280},
	{cf=CFrame.new(-1.883270,6.358749,-0.592773,0.999390,-0.011345,0.033017,-0.032987,0.002855,0.999452,-0.011433,-0.999932,0.002479),fov=45.000000,dt=0.016902},
	{cf=CFrame.new(-1.883331,6.358757,-0.592651,0.999391,-0.011347,0.033015,-0.032984,0.002854,0.999452,-0.011435,-0.999932,0.002478),fov=45.000000,dt=0.017257},
	{cf=CFrame.new(-1.883270,6.358757,-0.592773,0.999391,-0.011347,0.033016,-0.032986,0.002853,0.999452,-0.011435,-0.999932,0.002477),fov=45.000000,dt=0.018222},
	{cf=CFrame.new(-1.883301,6.358780,-0.592651,0.999390,-0.011348,0.033019,-0.032988,0.002852,0.999452,-0.011436,-0.999932,0.002475),fov=45.000000,dt=0.021660},
	{cf=CFrame.new(-1.883301,6.358772,-0.592651,0.999390,-0.011347,0.033019,-0.032989,0.002850,0.999452,-0.011435,-0.999932,0.002474),fov=45.000000,dt=0.016775},
	{cf=CFrame.new(-1.883301,6.358749,-0.592773,0.999390,-0.011351,0.033020,-0.032990,0.002849,0.999451,-0.011439,-0.999931,0.002473),fov=45.000000,dt=0.021352},
	{cf=CFrame.new(-1.883301,6.358730,-0.592773,0.999390,-0.011351,0.033021,-0.032991,0.002848,0.999452,-0.011438,-0.999931,0.002472),fov=45.000000,dt=0.019557},
	{cf=CFrame.new(-1.883331,6.358784,-0.592651,0.999390,-0.011355,0.033022,-0.032992,0.002847,0.999452,-0.011443,-0.999932,0.002470),fov=45.000000,dt=0.020007},
	{cf=CFrame.new(-1.883301,6.358765,-0.592773,0.999390,-0.011356,0.033022,-0.032992,0.002845,0.999452,-0.011444,-0.999932,0.002469),fov=45.000000,dt=0.017900},
	{cf=CFrame.new(-1.883270,6.358719,-0.592896,0.999390,-0.011355,0.033022,-0.032992,0.002844,0.999452,-0.011443,-0.999931,0.002468),fov=45.000000,dt=0.016265},
	{cf=CFrame.new(-1.883301,6.358757,-0.592773,0.999390,-0.011353,0.033024,-0.032994,0.002843,0.999451,-0.011441,-0.999931,0.002467),fov=45.000000,dt=0.017044},
	{cf=CFrame.new(-1.883270,6.358742,-0.592773,0.999390,-0.011358,0.033027,-0.032997,0.002842,0.999451,-0.011445,-0.999931,0.002466),fov=45.000000,dt=0.019872},
	{cf=CFrame.new(-1.883270,6.358761,-0.592773,0.999390,-0.011358,0.033026,-0.032995,0.002840,0.999451,-0.011445,-0.999931,0.002464),fov=45.000000,dt=0.019471},
	{cf=CFrame.new(-1.883270,6.358753,-0.592773,0.999390,-0.011361,0.033026,-0.032995,0.002840,0.999452,-0.011449,-0.999931,0.002463),fov=45.000000,dt=0.019749},
	{cf=CFrame.new(-1.883331,6.358757,-0.592773,0.999390,-0.011361,0.033024,-0.032994,0.002838,0.999451,-0.011449,-0.999931,0.002461),fov=45.000000,dt=0.019170},
	{cf=CFrame.new(-1.883301,6.358768,-0.592651,0.999390,-0.011361,0.033028,-0.032998,0.002837,0.999452,-0.011448,-0.999932,0.002460),fov=45.000000,dt=0.018340},
	{cf=CFrame.new(-1.883270,6.358742,-0.592773,0.999390,-0.011362,0.033028,-0.032998,0.002836,0.999451,-0.011450,-0.999931,0.002459),fov=45.000000,dt=0.018467},
	{cf=CFrame.new(-1.883270,6.358753,-0.592773,0.999390,-0.011365,0.033029,-0.032999,0.002834,0.999451,-0.011452,-0.999931,0.002458),fov=45.000000,dt=0.020605},
	{cf=CFrame.new(-1.883301,6.358738,-0.592773,0.999390,-0.011365,0.033029,-0.032999,0.002832,0.999451,-0.011452,-0.999932,0.002455),fov=45.000000,dt=0.025058},
	{cf=CFrame.new(-1.883301,6.358788,-0.592773,0.999390,-0.011367,0.033033,-0.033002,0.002832,0.999451,-0.011454,-0.999931,0.002455),fov=45.000000,dt=0.015901},
	{cf=CFrame.new(-1.883301,6.358799,-0.592773,0.999390,-0.011368,0.033032,-0.033002,0.002830,0.999451,-0.011455,-0.999931,0.002454),fov=45.000000,dt=0.020950},
	{cf=CFrame.new(-1.883301,6.358704,-0.592651,0.999390,-0.011369,0.033033,-0.033003,0.002829,0.999451,-0.011456,-0.999932,0.002452),fov=45.000000,dt=0.021190},
	{cf=CFrame.new(-1.883270,6.358707,-0.592773,0.999390,-0.011369,0.033034,-0.033004,0.002827,0.999451,-0.011456,-0.999931,0.002450),fov=45.000000,dt=0.023491},
	{cf=CFrame.new(-1.883301,6.358746,-0.592651,0.999390,-0.011369,0.033036,-0.033006,0.002826,0.999451,-0.011456,-0.999931,0.002449),fov=45.000000,dt=0.019243},
	{cf=CFrame.new(-1.883270,6.358788,-0.592896,0.999389,-0.011375,0.033035,-0.033005,0.002825,0.999451,-0.011462,-0.999931,0.002448),fov=45.000000,dt=0.020415},
	{cf=CFrame.new(-1.883270,6.358734,-0.592773,0.999390,-0.011373,0.033035,-0.033005,0.002823,0.999451,-0.011460,-0.999931,0.002446),fov=45.000000,dt=0.023115},
	{cf=CFrame.new(-1.883270,6.358730,-0.592773,0.999389,-0.011377,0.033036,-0.033006,0.002822,0.999451,-0.011464,-0.999931,0.002445),fov=45.000000,dt=0.015787},
	{cf=CFrame.new(-1.883301,6.358799,-0.592651,0.999389,-0.011378,0.033038,-0.033008,0.002821,0.999451,-0.011465,-0.999931,0.002443),fov=45.000000,dt=0.023346},
	{cf=CFrame.new(-1.883301,6.358791,-0.592651,0.999389,-0.011377,0.033038,-0.033008,0.002819,0.999451,-0.011464,-0.999931,0.002442),fov=45.000000,dt=0.022075},
	{cf=CFrame.new(-1.883301,6.358772,-0.592773,0.999389,-0.011378,0.033038,-0.033008,0.002818,0.999451,-0.011464,-0.999931,0.002441),fov=45.000000,dt=0.018962},
	{cf=CFrame.new(-1.883301,6.358776,-0.592651,0.999389,-0.011379,0.033040,-0.033010,0.002817,0.999451,-0.011466,-0.999932,0.002439),fov=45.000000,dt=0.018262},
	{cf=CFrame.new(-1.883270,6.358757,-0.592773,0.999389,-0.011381,0.033042,-0.033012,0.002815,0.999451,-0.011468,-0.999931,0.002438),fov=45.000000,dt=0.021295},
	{cf=CFrame.new(-1.883270,6.358765,-0.592773,0.999389,-0.011383,0.033041,-0.033011,0.002815,0.999451,-0.011470,-0.999931,0.002437),fov=45.000000,dt=0.018056},
	{cf=CFrame.new(-1.883301,6.358746,-0.592896,0.999389,-0.011383,0.033042,-0.033012,0.002813,0.999451,-0.011470,-0.999931,0.002436),fov=45.000000,dt=0.018172},
	{cf=CFrame.new(-1.883270,6.358768,-0.592773,0.999389,-0.011385,0.033046,-0.033016,0.002812,0.999451,-0.011472,-0.999931,0.002435),fov=45.000000,dt=0.018202},
	{cf=CFrame.new(-1.883301,6.358749,-0.592651,0.999389,-0.011390,0.033043,-0.033013,0.002811,0.999451,-0.011476,-0.999931,0.002433),fov=45.000000,dt=0.019397},
	{cf=CFrame.new(-1.883301,6.358799,-0.592651,0.999389,-0.011389,0.033046,-0.033016,0.002810,0.999451,-0.011476,-0.999931,0.002432),fov=45.000000,dt=0.018225},
	{cf=CFrame.new(-1.883270,6.358784,-0.592896,0.999389,-0.011391,0.033046,-0.033016,0.002808,0.999451,-0.011477,-0.999931,0.002431),fov=45.000000,dt=0.017836},
	{cf=CFrame.new(-1.883270,6.358780,-0.592773,0.999389,-0.011392,0.033045,-0.033015,0.002807,0.999451,-0.011478,-0.999931,0.002429),fov=45.000000,dt=0.017700},
	{cf=CFrame.new(-1.883301,6.358765,-0.592651,0.999389,-0.011392,0.033045,-0.033015,0.002806,0.999451,-0.011478,-0.999931,0.002429),fov=45.000000,dt=0.018427},
	{cf=CFrame.new(-1.883270,6.358780,-0.592651,0.999389,-0.011394,0.033047,-0.033017,0.002805,0.999451,-0.011481,-0.999931,0.002427),fov=45.000000,dt=0.018597},
	{cf=CFrame.new(-1.883270,6.358772,-0.592773,0.999389,-0.011393,0.033049,-0.033019,0.002804,0.999451,-0.011480,-0.999931,0.002426),fov=45.000000,dt=0.019492},
	{cf=CFrame.new(-1.883240,6.358746,-0.592773,0.999389,-0.011396,0.033052,-0.033022,0.002803,0.999451,-0.011483,-0.999931,0.002425),fov=45.000000,dt=0.020307},
	{cf=CFrame.new(-1.883301,6.358799,-0.592651,0.999389,-0.011397,0.033051,-0.033021,0.002801,0.999451,-0.011484,-0.999931,0.002423),fov=45.000000,dt=0.022884},
	{cf=CFrame.new(-1.883301,6.358791,-0.592773,0.999389,-0.011397,0.033052,-0.033022,0.002800,0.999451,-0.011483,-0.999931,0.002422),fov=45.000000,dt=0.017137},
	{cf=CFrame.new(-1.883270,6.358749,-0.592896,0.999389,-0.011399,0.033051,-0.033022,0.002798,0.999451,-0.011485,-0.999931,0.002420),fov=45.000000,dt=0.016369},
	{cf=CFrame.new(-1.883270,6.358765,-0.592651,0.999389,-0.011405,0.033052,-0.033022,0.002798,0.999451,-0.011491,-0.999931,0.002419),fov=45.000000,dt=0.020369},
	{cf=CFrame.new(-1.883301,6.358772,-0.592651,0.999389,-0.011402,0.033052,-0.033022,0.002796,0.999451,-0.011489,-0.999931,0.002418),fov=45.000000,dt=0.020216},
	{cf=CFrame.new(-1.883301,6.358788,-0.592651,0.999388,-0.011402,0.033052,-0.033022,0.002794,0.999451,-0.011488,-0.999931,0.002416),fov=45.000000,dt=0.018545},
	{cf=CFrame.new(-1.883270,6.358765,-0.592651,0.999388,-0.011405,0.033054,-0.033024,0.002794,0.999451,-0.011491,-0.999931,0.002415),fov=45.000000,dt=0.018833},
	{cf=CFrame.new(-1.883270,6.358765,-0.592651,0.999388,-0.011406,0.033053,-0.033023,0.002792,0.999451,-0.011492,-0.999931,0.002413),fov=45.000000,dt=0.025187},
	{cf=CFrame.new(-1.883270,6.358765,-0.592651,0.999388,-0.011406,0.033057,-0.033027,0.002791,0.999450,-0.011492,-0.999931,0.002413),fov=45.000000,dt=0.016825},
	{cf=CFrame.new(-1.883270,6.358765,-0.592651,0.999388,-0.011409,0.033060,-0.033030,0.002790,0.999451,-0.011494,-0.999931,0.002411),fov=45.000000,dt=0.019807},
	{cf=CFrame.new(-1.883270,6.358765,-0.592651,0.999388,-0.011411,0.033058,-0.033028,0.002788,0.999450,-0.011497,-0.999931,0.002410),fov=45.000000,dt=0.020951},
	{cf=CFrame.new(-1.883270,6.358765,-0.592651,0.999388,-0.011412,0.033058,-0.033028,0.002787,0.999451,-0.011497,-0.999931,0.002409),fov=45.000000,dt=0.016260},
	{cf=CFrame.new(-1.885620,6.368862,-0.592285,0.999385,-0.011445,0.033155,-0.033143,0.001220,0.999450,-0.011479,-0.999934,0.000840),fov=45.000000,dt=0.017986},
	{cf=CFrame.new(-1.893036,6.459259,-0.585083,0.999385,-0.010000,0.033613,-0.033682,-0.006786,0.999409,-0.009765,-0.999927,-0.007119),fov=45.000000,dt=0.018731},
	{cf=CFrame.new(-1.891754,6.752155,-0.551880,0.999410,-0.001705,0.034302,-0.034329,-0.019675,0.999217,-0.001028,-0.999805,-0.019722),fov=45.000000,dt=0.017848},
	{cf=CFrame.new(-1.876740,7.392231,-0.471802,0.999279,0.016879,0.033993,-0.033458,-0.031017,0.998959,0.017916,-0.999376,-0.030430),fov=45.357143,dt=0.017109},
	{cf=CFrame.new(-1.856628,8.053146,-0.387451,0.999114,0.028752,0.030736,-0.029838,-0.031164,0.999069,0.029683,-0.999101,-0.030279),fov=46.071430,dt=0.018363},
	{cf=CFrame.new(-1.831116,8.797623,-0.292480,0.999181,0.031962,0.024832,-0.023976,-0.026882,0.999351,0.032609,-0.999127,-0.026094),fov=46.785713,dt=0.016058},
	{cf=CFrame.new(-1.801910,9.575947,-0.194946,0.999476,0.026306,0.018836,-0.018258,-0.022048,0.999590,0.026711,-0.999411,-0.021556),fov=47.500004,dt=0.017149},
	{cf=CFrame.new(-1.770721,10.342663,-0.101318,0.999791,0.015031,0.013885,-0.013627,-0.017144,0.999760,0.015266,-0.999740,-0.016935),fov=48.333332,dt=0.017083},
	{cf=CFrame.new(-1.738525,11.073250,-0.015503,0.999952,0.000404,0.009723,-0.009718,-0.011947,0.999881,0.000520,-0.999928,-0.011942),fov=49.047619,dt=0.018410},
	{cf=CFrame.new(-1.697235,11.932152,0.080688,0.999814,-0.018672,0.004885,-0.004977,-0.004928,0.999975,-0.018647,-0.999813,-0.005020),fov=49.880951,dt=0.017654},
	{cf=CFrame.new(-1.663544,12.574955,0.148804,0.999476,-0.032277,0.002349,-0.002324,0.000828,0.999997,-0.032279,-0.999478,0.000753),fov=50.595238,dt=0.018594},
	{cf=CFrame.new(-1.620850,13.329144,0.224609,0.998999,-0.044709,0.001489,-0.001135,0.007945,0.999968,-0.044719,-0.998968,0.007886),fov=51.547619,dt=0.021321},
	{cf=CFrame.new(-1.569031,14.150402,0.300171,0.998843,-0.047800,0.005251,-0.004494,0.015930,0.999863,-0.047878,-0.998730,0.015697),fov=52.619049,dt=0.025404},
	{cf=CFrame.new(-1.534363,14.656712,0.343384,0.998897,-0.046020,0.009295,-0.008351,0.020646,0.999752,-0.046200,-0.998727,0.020239),fov=53.214287,dt=0.015040},
	{cf=CFrame.new(-1.499786,15.128689,0.380859,0.998992,-0.042659,0.013946,-0.012903,0.024628,0.999613,-0.042986,-0.998786,0.024053),fov=54.047619,dt=0.018228},
	{cf=CFrame.new(-1.456818,15.672565,0.420288,0.999118,-0.036836,0.020176,-0.019135,0.028379,0.999414,-0.037387,-0.998918,0.027649),fov=54.880947,dt=0.020344},
	{cf=CFrame.new(-1.414429,16.167767,0.452515,0.999202,-0.029868,0.026502,-0.025590,0.030521,0.999207,-0.030653,-0.999088,0.029732),fov=55.714287,dt=0.019363},
	{cf=CFrame.new(-1.381104,16.526104,0.472900,0.999219,-0.023891,0.031483,-0.030744,0.030697,0.999056,-0.024834,-0.999243,0.029938),fov=56.428570,dt=0.015728},
	{cf=CFrame.new(-1.348450,16.853985,0.489258,0.999179,-0.017970,0.036308,-0.035769,0.029478,0.998925,-0.019021,-0.999404,0.028811),fov=57.261906,dt=0.019859},
	{cf=CFrame.new(-1.308899,17.219700,0.504517,0.999056,-0.011230,0.041964,-0.041658,0.026220,0.998788,-0.012316,-0.999593,0.025728),fov=58.095238,dt=0.019135},
	{cf=CFrame.new(-1.263336,17.602978,0.516602,0.998834,-0.004811,0.048023,-0.047915,0.020508,0.998641,-0.005790,-0.999778,0.020253),fov=59.166668,dt=0.025411},
	{cf=CFrame.new(-1.234436,17.824276,0.521484,0.998674,-0.002171,0.051432,-0.051391,0.015855,0.998553,-0.002983,-0.999872,0.015722),fov=59.880947,dt=0.016624},
	{cf=CFrame.new(-1.200012,18.066288,0.524902,0.998496,-0.001198,0.054817,-0.054803,0.009471,0.998452,-0.001715,-0.999955,0.009391),fov=60.000000,dt=0.020554},
	{cf=CFrame.new(-1.174255,18.229374,0.525513,0.998421,-0.005214,0.055934,-0.055913,0.004130,0.998427,-0.005437,-0.999978,0.003831),fov=60.000000,dt=0.018209},
	{cf=CFrame.new(-1.150085,18.367992,0.524780,0.998366,-0.014793,0.055192,-0.055215,-0.001137,0.998474,-0.014707,-0.999890,-0.001952),fov=60.000000,dt=0.016055},
	{cf=CFrame.new(-1.112244,18.552219,0.521606,0.997929,-0.039689,0.050618,-0.051026,-0.009338,0.998654,-0.039162,-0.999168,-0.011344),fov=60.000000,dt=0.029957},
	{cf=CFrame.new(-1.093262,18.628117,0.519409,0.997375,-0.055030,0.047062,-0.047846,-0.013026,0.998770,-0.054349,-0.998399,-0.015625),fov=60.000000,dt=0.015683},
	{cf=CFrame.new(-1.076355,18.682774,0.517334,0.996680,-0.068851,0.043449,-0.044621,-0.015580,0.998882,-0.068097,-0.997505,-0.018601),fov=60.000000,dt=0.018032},
	{cf=CFrame.new(-1.061707,18.717060,0.515869,0.996047,-0.079119,0.040373,-0.041815,-0.016653,0.998986,-0.078367,-0.996726,-0.019896),fov=60.000000,dt=0.017948},
	{cf=CFrame.new(-1.046570,18.734356,0.515381,0.995670,-0.084770,0.038136,-0.039661,-0.016387,0.999079,-0.084067,-0.996266,-0.019678),fov=60.000000,dt=0.017081},
	{cf=CFrame.new(-1.033905,18.659458,0.519409,0.996546,-0.077009,0.031088,-0.032260,-0.014031,0.999381,-0.076525,-0.996932,-0.016467),fov=60.000000,dt=0.018812},
	{cf=CFrame.new(-1.011322,18.365955,0.533936,0.997926,-0.055497,0.032619,-0.033222,-0.009978,0.999398,-0.055138,-0.998409,-0.011801),fov=60.000000,dt=0.020311},
	{cf=CFrame.new(-0.981964,17.908962,0.555664,0.998972,-0.023957,0.038470,-0.038609,-0.005387,0.999240,-0.023731,-0.999698,-0.006306),fov=60.000000,dt=0.018536},
	{cf=CFrame.new(-0.953583,17.450451,0.577148,0.998964,0.006382,0.045052,-0.045043,-0.001553,0.998984,0.006445,-0.999978,-0.001263),fov=60.000000,dt=0.020341},
	{cf=CFrame.new(-0.920746,16.929882,0.600708,0.997843,0.039372,0.052534,-0.052664,0.002280,0.998610,0.039197,-0.999222,0.004348),fov=60.000000,dt=0.016817},
	{cf=CFrame.new(-0.873657,16.224720,0.631592,0.994733,0.081684,0.061912,-0.062685,0.006929,0.998009,0.081093,-0.996634,0.012013),fov=60.000000,dt=0.017552},
	{cf=CFrame.new(-0.830963,15.642475,0.655762,0.991117,0.113562,0.069220,-0.070870,0.010553,0.997430,0.112540,-0.993475,0.018508),fov=60.000000,dt=0.017647},
	{cf=CFrame.new(-0.783905,15.068020,0.678467,0.987006,0.141839,0.075507,-0.078292,0.014155,0.996830,0.140321,-0.989788,0.025075),fov=60.000000,dt=0.015831},
	{cf=CFrame.new(-0.745636,14.656902,0.693481,0.984035,0.159372,0.079221,-0.082958,0.016924,0.996409,0.157459,-0.987073,0.029875),fov=60.000000,dt=0.013691},
	{cf=CFrame.new(-0.719208,14.386547,0.577881,0.989749,0.129367,0.060499,-0.059539,-0.011280,0.998162,0.129812,-0.991533,-0.003462),fov=60.000000,dt=0.018878},
	{cf=CFrame.new(-0.719208,14.386524,0.410034,0.996776,0.073129,0.033004,-0.029169,-0.052895,0.998174,0.074741,-0.995918,-0.050591),fov=60.000000,dt=0.018056},
	{cf=CFrame.new(-0.719208,14.386547,0.242310,0.999863,0.015289,0.006319,-0.004831,-0.095484,0.995419,0.015823,-0.995313,-0.095397),fov=60.000000,dt=0.017569},
	{cf=CFrame.new(0.382172,15.414738,2.052002,0.992185,0.124771,0.000915,0.010495,-0.090763,0.995817,0.124332,-0.988025,-0.091364),fov=60.000000,dt=0.038573},
	{cf=CFrame.new(1.008881,32.414986,-3.133179,0.951681,0.306260,-0.022534,0.049978,-0.082063,0.995373,0.302993,-0.948404,-0.093404),fov=61.099419,dt=0.038207},
	{cf=CFrame.new(-2.471954,48.465683,-3.594849,0.917038,0.396647,-0.041373,0.080681,-0.082927,0.993284,0.390552,-0.914218,-0.108049),fov=62.175301,dt=0.021302},
	{cf=CFrame.new(2.779755,59.388313,-8.032837,0.717198,0.692891,-0.074353,0.136240,-0.034777,0.990065,0.683422,-0.720203,-0.119341),fov=62.764732,dt=0.018682},
	{cf=CFrame.new(-3.361786,62.842529,-11.263550,0.344614,0.932368,-0.109233,0.195062,0.042700,0.979861,0.918255,-0.358981,-0.167154),fov=63.273312,dt=0.042850},
	{cf=CFrame.new(-2.476471,71.669395,-15.780151,0.032681,0.991795,-0.123593,0.216094,0.113723,0.969727,0.975825,-0.058400,-0.210604),fov=64.402336,dt=0.036831},
	{cf=CFrame.new(-1.724884,86.244087,-19.765137,-0.302963,0.945304,-0.120891,0.206262,0.188888,0.960093,0.930414,0.265937,-0.252206),fov=65.320747,dt=0.049925},
	{cf=CFrame.new(-1.348480,90.094757,-24.321655,-0.567354,0.816553,-0.106539,0.177812,0.247804,0.952353,0.804047,0.521377,-0.285785),fov=66.469933,dt=0.045942},
	{cf=CFrame.new(-1.624634,93.474960,-24.043579,-0.710492,0.697565,-0.092765,0.150944,0.279824,0.948111,0.687327,0.659622,-0.304106),fov=67.411919,dt=0.034817},
	{cf=CFrame.new(-0.631744,91.686378,-26.592896,-0.842573,0.533591,-0.073154,0.113946,0.309361,0.944093,0.526391,0.787132,-0.321460),fov=68.041725,dt=0.044611},
	{cf=CFrame.new(-2.476532,88.953613,-28.825562,-0.926925,0.371357,-0.053889,0.076834,0.328392,0.941412,0.367296,0.868477,-0.332928),fov=68.731804,dt=0.051404},
	{cf=CFrame.new(-2.270020,87.988953,-29.497192,-0.950309,0.307673,-0.047441,0.061165,0.333953,0.940603,0.305241,0.890962,-0.336178),fov=69.350853,dt=0.033556},
	{cf=CFrame.new(-2.929413,86.119507,-30.250488,-0.960477,0.274773,-0.044531,0.052663,0.336461,0.940224,0.273331,0.900719,-0.337633),fov=69.647095,dt=0.026550},
	{cf=CFrame.new(-3.631317,85.118660,-30.631470,-0.965656,0.256194,-0.043278,0.047495,0.337817,0.940013,0.255446,0.905674,-0.338383),fov=69.818840,dt=0.022562},
	{cf=CFrame.new(-4.432617,85.065300,-29.628662,-0.964129,0.261536,-0.045339,0.047424,0.337784,0.940028,0.261166,0.904158,-0.338071),fov=69.920471,dt=0.022853},
	{cf=CFrame.new(-5.367371,82.745926,-32.610229,-0.961603,0.270281,-0.047622,0.048307,0.337505,0.940084,0.270159,0.901687,-0.337602),fov=69.981445,dt=0.029365},
	{cf=CFrame.new(-4.405090,84.801964,-31.732910,-0.951287,0.303622,-0.053537,0.054229,0.335725,0.940398,0.303499,0.891685,-0.335836),fov=70.000000,dt=0.039667},
	{cf=CFrame.new(-5.829742,83.697891,-30.476440,-0.931947,0.357087,-0.062964,0.063779,0.332375,0.940988,0.356943,0.872935,-0.332530),fov=70.000000,dt=0.029903},
	{cf=CFrame.new(-6.518585,83.834541,-30.058594,-0.913247,0.401216,-0.070746,0.071660,0.329136,0.941559,0.401054,0.854807,-0.329334),fov=70.000000,dt=0.025485},
	{cf=CFrame.new(-6.920868,83.512840,-29.161011,-0.893760,0.441732,-0.077889,0.078897,0.325760,0.942155,0.441553,0.835915,-0.326003),fov=70.000000,dt=0.017907},
	{cf=CFrame.new(-8.882446,85.872894,-29.605591,-0.877848,0.471663,-0.083167,0.084243,0.323004,0.942641,0.471472,0.820489,-0.323283),fov=70.000000,dt=0.018106},
	{cf=CFrame.new(-7.885132,83.161415,-29.757568,-0.859479,0.503405,-0.088764,0.089912,0.319822,0.943202,0.503201,0.802682,-0.320143),fov=70.000000,dt=0.026248},
	{cf=CFrame.new(-9.163330,84.058784,-28.784058,-0.828017,0.552185,-0.097365,0.098620,0.314366,0.944165,0.551962,0.772183,-0.314757),fov=70.000000,dt=0.019530},
	{cf=CFrame.new(-10.134064,83.518257,-29.946655,-0.800890,0.589714,-0.103983,0.105323,0.309668,0.944994,0.589476,0.745884,-0.310120),fov=70.000000,dt=0.016790},
	{cf=CFrame.new(-10.295471,84.926300,-27.190186,-0.774540,0.622915,-0.109837,0.111253,0.305103,0.945798,0.622664,0.720339,-0.305616),fov=70.000000,dt=0.016688},
	{cf=CFrame.new(-10.687653,84.533951,-28.441528,-0.745242,0.656664,-0.115788,0.117280,0.300029,0.946693,0.656399,0.691936,-0.300608),fov=70.000000,dt=0.026101},
	{cf=CFrame.new(-12.228271,83.688309,-26.548462,-0.692051,0.710883,-0.125348,0.126964,0.290815,0.948318,0.710596,0.640369,-0.291515),fov=70.000000,dt=0.033934},
	{cf=CFrame.new(-12.602631,83.805542,-26.002930,-0.609356,0.780851,-0.137686,0.139460,0.276491,0.950844,0.780536,0.560200,-0.277379),fov=70.000000,dt=0.022457},
	{cf=CFrame.new(-13.069916,84.811798,-23.290894,-0.547578,0.824042,-0.145301,0.147174,0.265790,0.952730,0.823710,0.500310,-0.266819),fov=70.000000,dt=0.013426},
	{cf=CFrame.new(-13.734009,85.038651,-23.873291,-0.507974,0.848286,-0.149577,0.151504,0.258931,0.953940,0.847944,0.461915,-0.260049),fov=70.000000,dt=0.016557},
	{cf=CFrame.new(-12.262177,83.268234,-23.095581,-0.455869,0.876525,-0.154556,0.156551,0.249907,0.955531,0.876171,0.411400,-0.251146),fov=70.000000,dt=0.014964},
	{cf=CFrame.new(-15.309479,85.350784,-22.112061,-0.406008,0.899986,-0.158693,0.160741,0.241270,0.957053,0.899622,0.363062,-0.242622),fov=70.000000,dt=0.016115},
	{cf=CFrame.new(-16.453430,85.172165,-22.523315,-0.349467,0.922714,-0.162700,0.164801,0.231476,0.958780,0.922342,0.308249,-0.232957),fov=70.000000,dt=0.044277},
}

local accumulated = 0
local index = 1
local smoothRootCF = root.CFrame

RunService:BindToRenderStep('FollowCinematic', Enum.RenderPriority.Camera.Value + 1, function(dt)

	accumulated += dt

	smoothRootCF = root.CFrame

	while frames[index] and accumulated >= frames[index].dt do

		accumulated -= frames[index].dt

		local f = frames[index]

		camera.CFrame = smoothRootCF * f.cf
		camera.FieldOfView = f.fov

		index += 1

	end

	if not frames[index] then
		RunService:UnbindFromRenderStep('FollowCinematic')
		camera.CameraType = Enum.CameraType.Custom
	end

end)
