local Players = game:GetService('Players')
local RunService = game:GetService('RunService')

local player = Players.LocalPlayer
local camera = workspace.CurrentCamera

local root = player.Character:WaitForChild('HumanoidRootPart')

camera.CameraType = Enum.CameraType.Scriptable

local frames = {
	{cf=CFrame.new(0.096802,4.445225,-10.282593,0.990374,0.037804,-0.133156,-0.000000,0.961982,0.273113,0.138419,-0.270484,0.952722),fov=70.000000,dt=0.074219},
	{cf=CFrame.new(0.359436,4.059967,-16.194214,0.994640,0.028241,-0.099472,-0.000000,0.961982,0.273114,0.103403,-0.271650,0.956825),fov=70.000000,dt=0.047876},
	{cf=CFrame.new(0.567566,4.027319,-18.905762,0.997590,0.018951,-0.066753,0.000000,0.961982,0.273113,0.069391,-0.272455,0.959663),fov=70.000000,dt=0.055874},
	{cf=CFrame.new(0.739380,4.075554,-21.829346,0.997590,0.018952,-0.066753,0.000000,0.961982,0.273113,0.069391,-0.272454,0.959663),fov=70.000000,dt=0.033982},
	{cf=CFrame.new(0.810303,4.113697,-23.000244,0.997590,0.018952,-0.066754,0.000000,0.961982,0.273112,0.069392,-0.272454,0.959663),fov=70.000000,dt=0.025282},
	{cf=CFrame.new(0.822144,4.149063,-23.860352,0.997589,0.018952,-0.066755,0.000000,0.961982,0.273112,0.069393,-0.272453,0.959663),fov=70.000000,dt=0.022711},
	{cf=CFrame.new(0.791199,4.195829,-24.613037,0.997589,0.018952,-0.066755,-0.000000,0.961982,0.273112,0.069393,-0.272453,0.959663),fov=70.000000,dt=0.023512},
	{cf=CFrame.new(0.793030,4.257076,-25.309814,0.997589,0.018952,-0.066756,-0.000000,0.961983,0.273111,0.069394,-0.272453,0.959663),fov=70.000000,dt=0.017781},
	{cf=CFrame.new(0.795471,4.250124,-25.792114,0.997589,0.018952,-0.066756,-0.000000,0.961983,0.273111,0.069394,-0.272453,0.959664),fov=70.000000,dt=0.023863},
	{cf=CFrame.new(0.822266,4.313038,-26.401489,0.997589,0.018952,-0.066756,-0.000000,0.961983,0.273111,0.069395,-0.272453,0.959664),fov=70.000000,dt=0.026767},
	{cf=CFrame.new(0.874268,4.369827,-27.026489,0.997589,0.018952,-0.066756,0.000000,0.961983,0.273111,0.069395,-0.272453,0.959664),fov=70.000000,dt=0.027518},
	{cf=CFrame.new(0.944946,4.442127,-27.601318,0.997589,0.018952,-0.066756,0.000000,0.961983,0.273111,0.069395,-0.272453,0.959664),fov=70.000000,dt=0.033272},
	{cf=CFrame.new(1.054810,4.535360,-28.215454,0.997589,0.018952,-0.066756,0.000000,0.961983,0.273111,0.069395,-0.272452,0.959664),fov=70.000000,dt=0.043284},
	{cf=CFrame.new(1.214111,4.628590,-28.868042,0.997589,0.018952,-0.066756,-0.000000,0.961983,0.273111,0.069395,-0.272452,0.959664),fov=70.000000,dt=0.033638},
	{cf=CFrame.new(1.299805,4.670425,-29.221191,0.997589,0.018952,-0.066756,-0.000000,0.961983,0.273110,0.069395,-0.272452,0.959664),fov=70.000000,dt=0.035978},
	{cf=CFrame.new(1.138977,1.543356,-24.504883,0.981702,-0.137741,0.131486,0.040584,0.825970,0.562251,-0.186048,-0.546626,0.816447),fov=70.000000,dt=0.057964},
	{cf=CFrame.new(-0.200500,4.834414,-22.769043,0.969939,-0.174220,0.169897,0.029470,0.777125,0.628656,-0.241556,-0.604751,0.758898),fov=70.000000,dt=0.025355},
	{cf=CFrame.new(1.521667,3.321039,-24.035767,0.963607,-0.191080,0.186953,0.016726,0.741069,0.671221,-0.266802,-0.643666,0.717295),fov=70.000000,dt=0.021602},
	{cf=CFrame.new(1.033386,1.963463,-23.569702,0.943211,-0.249085,0.219797,0.013934,0.690732,0.722977,-0.331903,-0.678856,0.654977),fov=70.000000,dt=0.046227},
	{cf=CFrame.new(2.663574,4.118120,-22.795776,0.937957,-0.272415,0.214536,0.028250,0.676682,0.735733,-0.345598,-0.684026,0.642395),fov=70.000000,dt=0.034722},
	{cf=CFrame.new(1.483215,2.830248,-22.415283,0.931764,-0.281125,0.229750,0.019443,0.670535,0.741623,-0.362545,-0.686551,0.630246),fov=70.000000,dt=0.032895},
	{cf=CFrame.new(1.382141,2.232744,-22.425903,0.930728,-0.296041,0.214723,0.037978,0.662201,0.748363,-0.363736,-0.688368,0.627571),fov=70.000000,dt=0.023946},
	{cf=CFrame.new(1.550720,2.267172,-22.503296,0.930078,-0.292083,0.222805,0.021320,0.648395,0.761006,-0.366742,-0.703045,0.609285),fov=70.000000,dt=0.035177},
	{cf=CFrame.new(1.538269,2.567106,-22.375244,0.931764,-0.287081,0.222262,0.017364,0.646718,0.762531,-0.362649,-0.706640,0.607574),fov=70.000000,dt=0.025791},
	{cf=CFrame.new(1.481628,2.606205,-22.323120,0.934164,-0.283172,0.217143,0.020110,0.649319,0.760251,-0.356276,-0.705832,0.612265),fov=70.000000,dt=0.030136},
	{cf=CFrame.new(1.505371,2.531328,-22.322388,0.932839,-0.279304,0.227599,0.013720,0.658783,0.752208,-0.360033,-0.698566,0.618371),fov=70.000000,dt=0.015316},
	{cf=CFrame.new(1.604858,2.379702,-22.393555,0.919717,-0.286400,0.268508,-0.006741,0.672329,0.740222,-0.392525,-0.682604,0.616422),fov=70.000000,dt=0.032402},
	{cf=CFrame.new(1.624084,2.283722,-22.457642,0.914398,-0.288817,0.283658,-0.014768,0.676440,0.736349,-0.404548,-0.677505,0.614270),fov=70.000000,dt=0.022575},
	{cf=CFrame.new(1.698425,2.049646,-22.557861,0.901757,-0.277824,0.331132,-0.044486,0.702357,0.710433,-0.429948,-0.655369,0.620996),fov=70.000000,dt=0.029566},
	{cf=CFrame.new(1.886169,1.784134,-22.684570,0.860718,-0.281258,0.424332,-0.082088,0.745939,0.660936,-0.502419,-0.603712,0.618956),fov=70.000000,dt=0.024972},
	{cf=CFrame.new(2.244751,1.414459,-22.901367,0.750359,-0.289793,0.594123,-0.124372,0.820838,0.557455,-0.649225,-0.492184,0.579881),fov=70.000000,dt=0.021252},
	{cf=CFrame.new(2.470276,1.065762,-23.172852,0.612343,-0.271229,0.742611,-0.142446,0.886086,0.441090,-0.777654,-0.375880,0.503953),fov=70.000000,dt=0.023226},
	{cf=CFrame.new(2.569885,0.831932,-23.425171,0.477505,-0.246322,0.843394,-0.123613,0.931517,0.342046,-0.869890,-0.267583,0.414356),fov=70.000000,dt=0.023201},
	{cf=CFrame.new(2.635925,0.776470,-23.527466,0.386551,-0.240144,0.890454,-0.078902,0.953354,0.291359,-0.918887,-0.182883,0.349573),fov=70.000000,dt=0.017308},
	{cf=CFrame.new(2.685059,0.610798,-23.764160,0.257680,-0.139822,0.956060,-0.092661,0.981338,0.168493,-0.961777,-0.132006,0.239915),fov=70.000000,dt=0.027572},
	{cf=CFrame.new(2.610413,0.479946,-23.888672,0.199496,-0.093846,0.975394,-0.096640,0.988666,0.114889,-0.975121,-0.117182,0.188166),fov=70.000000,dt=0.015604},
	{cf=CFrame.new(2.562134,0.565266,-23.939087,0.165816,-0.118222,0.979045,-0.038862,0.991234,0.126276,-0.985391,-0.058986,0.159768),fov=70.000000,dt=0.025253},
	{cf=CFrame.new(2.480713,0.401369,-24.019775,0.083642,-0.052473,0.995113,-0.014243,0.998448,0.053846,-0.996394,-0.018677,0.082765),fov=70.000000,dt=0.018406},
	{cf=CFrame.new(2.448547,0.371593,-24.145996,0.018054,0.043114,0.998907,0.016520,0.998921,-0.043413,-0.999701,0.017285,0.017322),fov=70.000000,dt=0.035692},
	{cf=CFrame.new(2.447632,0.364687,-24.163574,0.016701,0.055637,0.998311,0.038177,0.997687,-0.056241,-0.999131,0.039051,0.014538),fov=70.000000,dt=0.019582},
	{cf=CFrame.new(2.347534,0.504328,-24.123413,0.003023,0.031360,0.999504,0.006912,0.999484,-0.031380,-0.999972,0.007003,0.002804),fov=70.000000,dt=0.024806},
	{cf=CFrame.new(2.384949,0.450062,-24.172241,-0.005061,0.023690,0.999707,0.003356,0.999714,-0.023673,-0.999982,0.003235,-0.005139),fov=70.000000,dt=0.020072},
	{cf=CFrame.new(2.418701,0.427319,-24.223022,-0.014021,0.020022,0.999701,0.009235,0.999759,-0.019894,-0.999859,0.008953,-0.014203),fov=70.000000,dt=0.025233},
	{cf=CFrame.new(2.386780,0.463730,-24.170776,-0.020811,0.019499,0.999593,0.008869,0.999774,-0.019318,-0.999744,0.008464,-0.020979),fov=70.000000,dt=0.015653},
	{cf=CFrame.new(2.372070,0.492163,-24.141357,-0.028962,0.022694,0.999323,-0.000281,0.999742,-0.022711,-0.999581,-0.000939,-0.028948),fov=70.000000,dt=0.018221},
	{cf=CFrame.new(2.387756,0.450438,-24.221802,-0.038506,0.026325,0.998911,-0.010902,0.999582,-0.026763,-0.999199,-0.011920,-0.038203),fov=70.000000,dt=0.017347},
	{cf=CFrame.new(2.379944,0.400776,-24.240845,-0.045236,0.015765,0.998852,-0.006779,0.999848,-0.016088,-0.998953,-0.007499,-0.045122),fov=70.000000,dt=0.026288},
	{cf=CFrame.new(2.421326,0.499763,-24.245361,-0.045970,-0.005042,0.998930,0.003543,0.999980,0.005210,-0.998936,0.003779,-0.045951),fov=70.000000,dt=0.019772},
	{cf=CFrame.new(2.421875,0.543285,-24.235718,-0.046305,-0.020492,0.998717,0.010504,0.999724,0.021000,-0.998872,0.011463,-0.046077),fov=70.000000,dt=0.015151},
	{cf=CFrame.new(2.420349,0.521112,-24.225830,-0.042900,-0.026315,0.998733,0.007243,0.999619,0.026650,-0.999053,0.008377,-0.042693),fov=70.000000,dt=0.026896},
	{cf=CFrame.new(2.424194,0.527107,-24.267578,-0.039824,-0.031446,0.998712,0.004437,0.999489,0.031648,-0.999197,0.005692,-0.039664),fov=70.000000,dt=0.021302},
	{cf=CFrame.new(2.474670,0.537062,-24.245361,-0.042188,-0.037788,0.998395,0.001155,0.999282,0.037870,-0.999109,0.002750,-0.042114),fov=70.000000,dt=0.025890},
	{cf=CFrame.new(2.461487,0.578493,-24.250366,-0.044168,-0.043458,0.998078,-0.001815,0.999055,0.043420,-0.999022,0.000106,-0.044205),fov=70.000000,dt=0.021479},
	{cf=CFrame.new(2.526306,0.546276,-24.265747,-0.049338,-0.054298,0.997305,0.005674,0.998490,0.054643,-0.998766,0.008355,-0.048955),fov=70.000000,dt=0.028436},
	{cf=CFrame.new(2.480164,0.536303,-24.294922,-0.052753,-0.060965,0.996745,0.010895,0.998040,0.061621,-0.998548,0.014110,-0.051986),fov=70.000000,dt=0.014910},
	{cf=CFrame.new(2.561279,0.607662,-24.278442,-0.062929,-0.073281,0.995324,0.009399,0.997213,0.074014,-0.997974,0.014012,-0.062065),fov=70.000000,dt=0.021661},
	{cf=CFrame.new(2.523132,0.677521,-24.328735,-0.081594,-0.093663,0.992255,-0.000057,0.995575,0.093972,-0.996666,0.007611,-0.081238),fov=70.000000,dt=0.023518},
	{cf=CFrame.new(2.596130,0.642204,-24.327026,-0.089485,-0.113593,0.989489,-0.004987,0.993514,0.113604,-0.995976,0.005231,-0.089471),fov=70.000000,dt=0.024049},
	{cf=CFrame.new(2.605774,0.625706,-24.287842,-0.085984,-0.126471,0.988237,-0.004189,0.991947,0.126581,-0.996288,0.006745,-0.085821),fov=70.000000,dt=0.016870},
	{cf=CFrame.new(2.610168,0.696213,-24.339111,-0.083024,-0.137156,0.987064,-0.003290,0.990516,0.137359,-0.996542,0.008157,-0.082688),fov=70.000000,dt=0.014815},
	{cf=CFrame.new(2.621887,0.764517,-24.383423,-0.089393,-0.149251,0.984750,-0.000681,0.988718,0.149790,-0.995996,0.012720,-0.088486),fov=70.000000,dt=0.018660},
	{cf=CFrame.new(2.663696,0.781979,-24.395508,-0.105719,-0.160493,0.981359,0.003267,0.986828,0.161739,-0.994391,0.020305,-0.103802),fov=70.000000,dt=0.024553},
	{cf=CFrame.new(2.649353,0.726444,-24.407959,-0.124556,-0.167448,0.977981,0.003523,0.985576,0.169197,-0.992206,0.024520,-0.122169),fov=70.000000,dt=0.028921},
	{cf=CFrame.new(2.707397,0.765255,-24.424805,-0.132372,-0.170440,0.976436,-0.000400,0.985114,0.171901,-0.991200,0.022365,-0.130470),fov=70.000000,dt=0.020471},
	{cf=CFrame.new(2.670898,0.758728,-24.480591,-0.140531,-0.175280,0.974437,-0.003170,0.984279,0.176593,-0.990071,0.021728,-0.138878),fov=70.000000,dt=0.019006},
	{cf=CFrame.new(2.711853,0.782001,-24.497192,-0.153613,-0.193403,0.969019,0.001081,0.980625,0.195891,-0.988131,0.031138,-0.150427),fov=70.000000,dt=0.021776},
	{cf=CFrame.new(2.726196,0.855387,-24.505615,-0.165787,-0.206762,0.964243,0.004961,0.977586,0.210476,-0.986149,0.039678,-0.161045),fov=70.000000,dt=0.018644},
	{cf=CFrame.new(2.729492,0.903238,-24.513916,-0.169637,-0.209649,0.962949,0.005987,0.976873,0.213736,-0.985488,0.042023,-0.164458),fov=70.000000,dt=0.020929},
	{cf=CFrame.new(2.748291,0.859226,-24.520386,-0.170026,-0.208989,0.963024,0.005941,0.977018,0.213074,-0.985422,0.041949,-0.164877),fov=70.000000,dt=0.020496},
	{cf=CFrame.new(2.807312,0.818779,-24.547852,-0.170282,-0.208570,0.963070,0.005888,0.977110,0.212652,-0.985378,0.041882,-0.165156),fov=70.000000,dt=0.016219},
	{cf=CFrame.new(2.799744,0.822153,-24.595337,-0.188124,-0.211072,0.959197,0.004626,0.976433,0.215772,-0.982134,0.045029,-0.182714),fov=70.000000,dt=0.018349},
	{cf=CFrame.new(2.785522,0.867767,-24.605469,-0.210414,-0.210941,0.954584,0.002824,0.976309,0.216364,-0.977608,0.048221,-0.204833),fov=70.000000,dt=0.027664},
	{cf=CFrame.new(2.787109,0.865294,-24.573364,-0.220461,-0.212182,0.952038,0.002551,0.975924,0.218097,-0.975393,0.050510,-0.214612),fov=70.000000,dt=0.024267},
	{cf=CFrame.new(2.814514,0.873716,-24.657349,-0.230384,-0.210080,0.950152,-0.003046,0.976569,0.215182,-0.973095,0.046681,-0.225625),fov=70.000000,dt=0.045052},
	{cf=CFrame.new(2.835022,0.853212,-24.680420,-0.229058,-0.204831,0.951618,-0.007622,0.977957,0.208665,-0.973383,0.040543,-0.225570),fov=70.000000,dt=0.014714},
	{cf=CFrame.new(2.822998,0.858538,-24.646484,-0.227518,-0.198623,0.953302,-0.013153,0.979514,0.200945,-0.973685,0.033180,-0.225469),fov=70.000000,dt=0.016504},
	{cf=CFrame.new(2.826904,0.844393,-24.615356,-0.229857,-0.192593,0.953978,-0.009436,0.980619,0.195698,-0.973179,0.035981,-0.227219),fov=70.000000,dt=0.018835},
	{cf=CFrame.new(2.837341,0.818039,-24.641846,-0.232346,-0.187631,0.954364,-0.004892,0.981429,0.191762,-0.972621,0.039887,-0.228949),fov=70.000000,dt=0.017644},
	{cf=CFrame.new(2.858032,0.839319,-24.688721,-0.234804,-0.182538,0.954750,-0.000322,0.982224,0.187712,-0.972043,0.043768,-0.230689),fov=70.000000,dt=0.015823},
	{cf=CFrame.new(2.890930,0.866682,-24.766968,-0.256814,-0.179703,0.949607,0.003274,0.982394,0.186793,-0.966455,0.051080,-0.251704),fov=70.000000,dt=0.024596},
	{cf=CFrame.new(2.862793,0.829931,-24.772461,-0.284920,-0.172191,0.942958,0.005616,0.983416,0.181276,-0.958535,0.056945,-0.279228),fov=70.000000,dt=0.021424},
	{cf=CFrame.new(2.915405,0.808472,-24.751099,-0.295099,-0.161547,0.941711,0.002792,0.985453,0.169926,-0.955463,0.052774,-0.290355),fov=70.000000,dt=0.021235},
	{cf=CFrame.new(2.947510,0.750963,-24.754028,-0.308617,-0.142408,0.940466,-0.003553,0.988895,0.148575,-0.951180,0.042511,-0.305696),fov=70.000000,dt=0.031697},
	{cf=CFrame.new(2.972229,0.782541,-24.811523,-0.336361,-0.139842,0.931293,-0.013068,0.989511,0.143864,-0.941643,0.036220,-0.334660),fov=70.000000,dt=0.027629},
	{cf=CFrame.new(3.026428,0.807205,-24.889648,-0.371983,-0.129450,0.919169,-0.019713,0.991106,0.131604,-0.928030,0.030835,-0.371227),fov=70.000000,dt=0.026188},
	{cf=CFrame.new(3.104492,0.720469,-24.932007,-0.412787,-0.098739,0.905460,-0.011994,0.994610,0.102992,-0.910749,0.031654,-0.411746),fov=70.000000,dt=0.020599},
	{cf=CFrame.new(3.190552,0.637188,-24.992798,-0.457666,-0.063014,0.886889,-0.001651,0.997544,0.070024,-0.889123,0.030583,-0.456646),fov=70.000000,dt=0.021993},
	{cf=CFrame.new(3.322937,0.590130,-25.116577,-0.496787,-0.035592,0.867142,-0.001740,0.999198,0.040015,-0.867871,0.018371,-0.496451),fov=70.259262,dt=0.023795},
	{cf=CFrame.new(3.389221,0.739496,-25.365356,-0.524521,-0.017435,0.851219,-0.003968,0.999829,0.018034,-0.851388,0.006082,-0.524501),fov=70.518517,dt=0.020450},
	{cf=CFrame.new(3.550476,0.087475,-25.479614,-0.587760,0.020925,0.808765,-0.000314,0.999659,-0.026093,-0.809035,-0.015590,-0.587554),fov=70.925926,dt=0.030320},
	{cf=CFrame.new(3.323792,0.256382,-25.738403,-0.657759,0.064697,0.750445,0.011488,0.997050,-0.075888,-0.753141,-0.041295,-0.656562),fov=71.333336,dt=0.031278},
	{cf=CFrame.new(4.075378,0.193596,-25.798462,-0.648721,0.083278,0.756456,0.021345,0.995595,-0.091299,-0.760727,-0.043081,-0.647641),fov=71.740738,dt=0.028824},
	{cf=CFrame.new(3.969788,0.198866,-25.912231,-0.644469,0.091583,0.759126,0.025248,0.994809,-0.098583,-0.764214,-0.044367,-0.643435),fov=71.925926,dt=0.013941},
	{cf=CFrame.new(3.838806,-0.013134,-25.852905,-0.710165,0.070832,0.700463,-0.003875,0.994518,-0.104496,-0.704025,-0.076924,-0.705997),fov=72.259262,dt=0.026393},
	{cf=CFrame.new(3.506104,0.166275,-26.466919,-0.795623,0.031659,0.604965,-0.044883,0.992808,-0.110985,-0.604127,-0.115455,-0.788480),fov=72.629631,dt=0.026981},
	{cf=CFrame.new(3.508606,-0.464642,-26.891235,-0.817081,0.057914,0.573607,-0.031500,0.988971,-0.144723,-0.575662,-0.136319,-0.806245),fov=72.851852,dt=0.016229},
	{cf=CFrame.new(3.298279,-0.644291,-26.912598,-0.834672,0.098942,0.541787,-0.007106,0.981714,-0.190231,-0.550701,-0.162630,-0.818706),fov=73.111115,dt=0.020796},
	{cf=CFrame.new(3.443665,-0.508738,-27.061279,-0.853845,0.117713,0.507043,0.009235,0.977367,-0.211350,-0.520446,-0.175777,-0.835607),fov=73.518517,dt=0.028810},
	{cf=CFrame.new(3.558167,-0.122828,-27.058350,-0.863192,0.092357,0.496357,0.001908,0.983716,-0.179722,-0.504873,-0.154187,-0.849312),fov=73.851852,dt=0.026576},
	{cf=CFrame.new(3.484314,-0.133303,-27.366455,-0.880555,0.070311,0.468700,-0.008586,0.986406,-0.164105,-0.473866,-0.148527,-0.867981),fov=74.259262,dt=0.029865},
	{cf=CFrame.new(3.368347,-0.229452,-27.502441,-0.893398,0.062661,0.444875,-0.010594,0.987012,-0.160297,-0.449142,-0.147922,-0.881131),fov=74.592590,dt=0.023938},
	{cf=CFrame.new(3.267639,-0.208006,-27.592651,-0.905378,0.062411,0.419994,-0.002767,0.988250,-0.152819,-0.424597,-0.139521,-0.894568),fov=74.962959,dt=0.029493},
	{cf=CFrame.new(3.078735,-0.157808,-27.742432,-0.922836,0.056751,0.380990,0.001160,0.989492,-0.144583,-0.385192,-0.132985,-0.913204),fov=75.259254,dt=0.022485},
	{cf=CFrame.new(3.042114,-0.088961,-27.788452,-0.927912,0.039535,0.370696,-0.013498,0.990146,-0.139388,-0.372554,-0.134343,-0.918235),fov=75.592590,dt=0.023508},
	{cf=CFrame.new(2.990112,-0.028532,-27.799194,-0.931388,0.030058,0.362785,-0.020749,0.990582,-0.135343,-0.363437,-0.133584,-0.921992),fov=75.851852,dt=0.019185},
	{cf=CFrame.new(2.818481,0.025930,-27.866577,-0.942547,0.038222,0.331879,-0.004943,0.991729,-0.128254,-0.334037,-0.122526,-0.934562),fov=76.148155,dt=0.021586},
	{cf=CFrame.new(2.755981,0.062290,-27.866333,-0.944867,0.040684,0.324918,0.000950,0.992588,-0.121523,-0.327454,-0.114514,-0.937902),fov=76.370369,dt=0.018339},
	{cf=CFrame.new(2.707520,0.134800,-27.814819,-0.944233,0.041685,0.326629,0.005223,0.993726,-0.111721,-0.329237,-0.103785,-0.938526),fov=76.666664,dt=0.021449},
	{cf=CFrame.new(2.629944,0.297411,-27.759155,-0.945588,0.026577,0.324280,-0.002762,0.995967,-0.089682,-0.325355,-0.085698,-0.941701),fov=76.925926,dt=0.018897},
	{cf=CFrame.new(2.546875,0.427397,-27.718506,-0.947963,0.015146,0.318021,-0.007994,0.997421,-0.071332,-0.318281,-0.070163,-0.945397),fov=77.185188,dt=0.020140},
	{cf=CFrame.new(2.442139,0.472164,-27.716919,-0.952458,0.012930,0.304396,-0.006793,0.997949,-0.063646,-0.304595,-0.062688,-0.950417),fov=77.407417,dt=0.016163},
	{cf=CFrame.new(2.326294,0.512419,-27.675049,-0.955703,0.011000,0.294129,-0.005880,0.998388,-0.056444,-0.294276,-0.055674,-0.954098),fov=77.666664,dt=0.021243},
	{cf=CFrame.new(2.202332,0.548201,-27.552124,-0.956649,0.009717,0.291082,-0.005279,0.998701,-0.050689,-0.291196,-0.050028,-0.955354),fov=77.962959,dt=0.020037},
	{cf=CFrame.new(2.157349,0.639658,-27.404053,-0.953441,0.003957,0.301554,-0.007369,0.999310,-0.036414,-0.301490,-0.036941,-0.952754),fov=78.222221,dt=0.019893},
	{cf=CFrame.new(2.020630,0.690710,-27.277954,-0.952583,-0.001803,0.304275,-0.008261,0.999767,-0.019941,-0.304168,-0.021509,-0.952376),fov=78.481483,dt=0.019607},
	{cf=CFrame.new(1.900391,0.725716,-27.166748,-0.951681,-0.007350,0.307001,-0.008852,0.999955,-0.003501,-0.306962,-0.006049,-0.951703),fov=78.740738,dt=0.019563},
	{cf=CFrame.new(1.783203,0.755791,-27.054199,-0.950738,-0.012614,0.309739,-0.009040,0.999875,0.012973,-0.309864,0.009534,-0.950733),fov=79.000000,dt=0.018641},
	{cf=CFrame.new(1.630249,0.797235,-26.890625,-0.949526,-0.019112,0.313104,-0.008838,0.999376,0.034202,-0.313562,0.029709,-0.949103),fov=79.333336,dt=0.026261},
	{cf=CFrame.new(1.484375,0.831345,-26.710327,-0.948264,-0.025575,0.316453,-0.008662,0.998463,0.054739,-0.317367,0.049166,-0.947028),fov=78.296295,dt=0.023172},
	{cf=CFrame.new(1.255676,0.844645,-26.415405,-0.945803,-0.037820,0.322531,-0.009134,0.995901,0.089993,-0.324612,0.082170,-0.942271),fov=71.370369,dt=0.028404},
	{cf=CFrame.new(1.145142,0.838890,-26.244629,-0.944417,-0.044019,0.325789,-0.008675,0.993987,0.109155,-0.328635,0.100261,-0.939120),fov=67.592590,dt=0.018963},
	{cf=CFrame.new(1.036011,0.826797,-26.082275,-0.943020,-0.049876,0.328978,-0.007694,0.991706,0.128297,-0.332649,0.118455,-0.935582),fov=63.148140,dt=0.014626},
	{cf=CFrame.new(0.927856,0.808466,-25.921631,-0.941552,-0.055459,0.332271,-0.006292,0.989078,0.147257,-0.336809,0.136559,-0.931617),fov=55.370373,dt=0.016520},
	{cf=CFrame.new(0.766235,0.776117,-25.686890,-0.943817,-0.058295,0.325287,-0.001904,0.985261,0.171045,-0.330464,0.160815,-0.930017),fov=45.000000,dt=0.022614},
	{cf=CFrame.new(0.578491,0.739176,-25.415161,-0.952642,-0.053407,0.299367,0.005358,0.981356,0.192123,-0.304047,0.184629,-0.934595),fov=34.629631,dt=0.022160},
	{cf=CFrame.new(0.434143,0.702085,-25.170410,-0.959800,-0.047764,0.276591,0.011909,0.977598,0.210144,-0.280432,0.204990,-0.937730),fov=25.555555,dt=0.018836},
	{cf=CFrame.new(0.307922,0.657919,-24.909424,-0.966429,-0.040700,0.253691,0.018765,0.973556,0.227675,-0.256249,0.224792,-0.940109),fov=25.028936,dt=0.019978},
	{cf=CFrame.new(0.228638,0.623175,-24.716431,-0.970815,-0.035108,0.237248,0.023541,0.970501,0.239945,-0.238673,0.238527,-0.941350),fov=24.577549,dt=0.016915},
	{cf=CFrame.new(1.190125,-2.637386,-0.012207,0.979102,-0.006702,0.203260,0.007037,0.999975,-0.000926,-0.203248,0.002337,0.979124),fov=24.126158,dt=0.016661},
	{cf=CFrame.new(1.364319,-2.584948,0.253540,0.971402,-0.002994,0.237421,0.006090,0.999906,-0.012308,-0.237362,0.013402,0.971329),fov=26.041666,dt=0.019112},
	{cf=CFrame.new(1.643738,-2.520290,0.609497,0.958337,0.003003,0.285625,0.005394,0.999576,-0.028608,-0.285590,0.028957,0.957914),fov=37.500000,dt=0.027676},
	{cf=CFrame.new(1.907776,-2.473368,0.910645,0.945943,0.008741,0.324214,0.005166,0.999104,-0.042011,-0.324290,0.041415,0.945051),fov=47.812500,dt=0.024962},
	{cf=CFrame.new(2.042786,-2.450363,1.082520,0.939994,0.011687,0.340990,0.005058,0.998826,-0.048178,-0.341153,0.047012,0.938832),fov=52.413948,dt=0.016040},
	{cf=CFrame.new(2.309875,-2.417545,1.424683,0.928570,0.017173,0.370759,0.005141,0.998238,-0.059112,-0.371121,0.056796,0.926846),fov=57.651718,dt=0.023327},
	{cf=CFrame.new(2.509033,-2.401472,1.656372,0.920409,0.021067,0.390388,0.005343,0.997776,-0.066442,-0.390919,0.063240,0.918250),fov=61.143570,dt=0.017307},
	{cf=CFrame.new(2.751465,-2.388105,1.926514,0.910346,0.025818,0.413042,0.005754,0.997166,-0.075013,-0.413808,0.070664,0.907618),fov=65.217392,dt=0.019739},
	{cf=CFrame.new(3.201721,-2.372915,2.488892,0.893694,0.034263,0.447367,0.006237,0.996035,-0.088743,-0.448634,0.082099,0.889937),fov=65.471016,dt=0.037658},
	{cf=CFrame.new(3.379761,-2.370174,2.745483,0.887861,0.037564,0.458575,0.006234,0.995588,-0.093624,-0.460069,0.085983,0.883710),fov=65.579712,dt=0.016241},
	{cf=CFrame.new(3.499573,-2.369150,2.909912,0.883885,0.039850,0.466004,0.006212,0.995275,-0.096892,-0.467663,0.088536,0.879461),fov=65.652176,dt=0.013018},
	{cf=CFrame.new(3.591980,-2.345064,2.960815,0.876973,0.043758,0.478543,0.006345,0.994704,-0.102583,-0.480498,0.092999,0.872051),fov=65.778984,dt=0.018397},
	{cf=CFrame.new(3.680664,-2.326025,3.015625,0.870380,0.048146,0.490022,0.006304,0.994037,-0.108865,-0.492341,0.097843,0.864886),fov=65.923912,dt=0.021373},
	{cf=CFrame.new(3.735779,-2.313927,3.048584,0.866140,0.051017,0.497192,0.006230,0.993598,-0.112806,-0.499763,0.100803,0.860276),fov=66.014496,dt=0.016380},
	{cf=CFrame.new(3.827881,-2.295181,3.097290,0.859260,0.055537,0.508515,0.006356,0.992853,-0.119173,-0.511499,0.105632,0.852766),fov=66.159424,dt=0.020873},
	{cf=CFrame.new(3.886841,-2.282736,3.125854,0.854889,0.058388,0.515515,0.006450,0.992374,-0.123093,-0.518771,0.108556,0.847993),fov=66.250000,dt=0.015268},
	{cf=CFrame.new(3.994263,-2.263691,3.176270,0.846857,0.063607,0.528003,0.006662,0.991475,-0.130125,-0.531779,0.113714,0.839214),fov=66.413040,dt=0.023339},
	{cf=CFrame.new(4.036255,-2.254028,3.184692,0.842817,0.066971,0.534018,0.006625,0.990862,-0.134719,-0.538160,0.117081,0.834671),fov=66.521736,dt=0.015814},
	{cf=CFrame.new(4.077332,-2.245735,3.192261,0.838721,0.070361,0.539996,0.006624,0.990226,-0.139314,-0.544520,0.120422,0.830058),fov=66.630432,dt=0.017427},
	{cf=CFrame.new(4.128052,-2.236607,3.202026,0.833666,0.074454,0.547227,0.006696,0.989435,-0.144821,-0.552228,0.124397,0.824360),fov=66.775360,dt=0.023274},
	{cf=CFrame.new(4.174805,-2.230488,3.216064,0.829503,0.077687,0.553072,0.006724,0.988817,-0.148980,-0.558461,0.127298,0.819705),fov=66.938408,dt=0.024450},
	{cf=CFrame.new(4.204590,-2.227266,3.224243,0.826632,0.079836,0.557051,0.006798,0.988397,-0.151743,-0.562702,0.129223,0.816498),fov=67.047104,dt=0.017390},
	{cf=CFrame.new(4.239258,-2.223015,3.233643,0.823317,0.082441,0.561563,0.006850,0.987880,-0.155071,-0.567541,0.131519,0.812773),fov=67.173912,dt=0.017352},
	{cf=CFrame.new(4.260132,-2.215034,3.222778,0.819969,0.085035,0.566057,0.006897,0.987364,-0.158316,-0.572367,0.133718,0.809022),fov=67.300728,dt=0.019553},
	{cf=CFrame.new(4.281067,-2.204752,3.206909,0.816507,0.087604,0.570650,0.005607,0.987171,-0.159569,-0.577308,0.133489,0.805541),fov=67.409424,dt=0.016701},
	{cf=CFrame.new(4.338318,-2.170923,3.138672,0.808216,0.093496,0.581417,-0.005705,0.988513,-0.151028,-0.588859,0.118746,0.799465),fov=67.554344,dt=0.024688},
	{cf=CFrame.new(4.343872,-2.059975,3.121338,0.799235,0.099396,0.592743,-0.017081,0.989588,-0.142909,-0.600776,0.104093,0.792611),fov=67.735504,dt=0.025476},
	{cf=CFrame.new(4.547119,-2.408030,2.951416,0.804831,0.094909,0.585866,-0.004679,0.988115,-0.153644,-0.593485,0.120916,0.795710),fov=67.880432,dt=0.023240},
	{cf=CFrame.new(4.259705,-2.073351,3.267456,0.809595,0.090867,0.579913,0.006093,0.986591,-0.163097,-0.586957,0.135576,0.798186),fov=68.007248,dt=0.020074},
	{cf=CFrame.new(4.044067,-2.004208,3.457031,0.809049,0.082375,0.581940,0.020384,0.985601,-0.167854,-0.587388,0.147664,0.795720),fov=68.188416,dt=0.026144},
	{cf=CFrame.new(4.394226,-2.141453,3.175781,0.807318,0.075919,0.585213,0.030317,0.985044,-0.169612,-0.589338,0.154673,0.792942),fov=68.315216,dt=0.020869},
	{cf=CFrame.new(4.496704,-2.012297,3.130981,0.806173,0.078595,0.586437,0.027614,0.985060,-0.169981,-0.591036,0.153228,0.791958),fov=68.423912,dt=0.017187},
	{cf=CFrame.new(4.431824,-2.023909,3.179199,0.805397,0.087441,0.586250,0.016199,0.985442,-0.169236,-0.592514,0.145799,0.792256),fov=68.514488,dt=0.012749},
	{cf=CFrame.new(4.401367,-2.125481,3.192139,0.804246,0.096925,0.586339,0.005770,0.985291,-0.170789,-0.594269,0.140740,0.791857),fov=68.695648,dt=0.026974},
	{cf=CFrame.new(4.398926,-2.226423,3.185181,0.803579,0.100107,0.586719,0.004079,0.984805,-0.173616,-0.595184,0.141907,0.790960),fov=68.840584,dt=0.022761},
	{cf=CFrame.new(4.405029,-2.250273,3.183228,0.802973,0.101932,0.587235,0.003478,0.984449,-0.175636,-0.596006,0.143073,0.790131),fov=68.931160,dt=0.013982},
	{cf=CFrame.new(4.417969,-2.246531,3.181274,0.801602,0.103389,0.588850,0.004335,0.983903,-0.178653,-0.597842,0.145761,0.788251),fov=69.021736,dt=0.015286},
	{cf=CFrame.new(4.436401,-2.238642,3.178955,0.799683,0.105326,0.591112,0.005694,0.983119,-0.182877,-0.600395,0.149610,0.785584),fov=69.148552,dt=0.018876},
	{cf=CFrame.new(4.447937,-2.238525,3.177612,0.798515,0.106581,0.592464,0.006178,0.982699,-0.185108,-0.601943,0.151471,0.784042),fov=69.257248,dt=0.016186},
	{cf=CFrame.new(4.443787,-2.212763,3.188721,0.799964,0.105020,0.590787,0.003732,0.983675,-0.179915,-0.600037,0.146130,0.786513),fov=69.384048,dt=0.018372},
	{cf=CFrame.new(4.438904,-2.183100,3.201172,0.801560,0.103374,0.588910,0.000868,0.984739,-0.174037,-0.597914,0.140012,0.789237),fov=69.528984,dt=0.022051},
	{cf=CFrame.new(4.438782,-2.179258,3.210327,0.802157,0.102412,0.588265,0.001849,0.984751,-0.173958,-0.597110,0.140629,0.789736),fov=69.637680,dt=0.017982},
	{cf=CFrame.new(4.440308,-2.184671,3.219360,0.802459,0.101722,0.587972,0.004266,0.984359,-0.176121,-0.596692,0.143838,0.789474),fov=69.746376,dt=0.017310},
	{cf=CFrame.new(4.442139,-2.191015,3.229858,0.802776,0.100866,0.587688,0.007171,0.983884,-0.178662,-0.596238,0.147640,0.789115),fov=69.873192,dt=0.019364},
	{cf=CFrame.new(4.450684,-2.144897,3.215942,0.801047,0.096386,0.590791,0.007108,0.985350,-0.170395,-0.598559,0.140693,0.788627),fov=69.981888,dt=0.014889},
	{cf=CFrame.new(0.718872,-0.431448,-2.011841,-0.941686,0.099220,0.321534,0.000022,0.955557,-0.294805,-0.336495,-0.277606,-0.899837),fov=70.000000,dt=0.021273},
	{cf=CFrame.new(0.683533,-0.409479,-2.027344,-0.947583,0.092873,0.305713,0.000152,0.956953,-0.290244,-0.319509,-0.274984,-0.906806),fov=70.000000,dt=0.022743},
	{cf=CFrame.new(0.656921,-0.392990,-2.038574,-0.951789,0.088111,0.293827,0.000145,0.957988,-0.286807,-0.306754,-0.272937,-0.911815),fov=70.000000,dt=0.015359},
	{cf=CFrame.new(0.630127,-0.376492,-2.049438,-0.955844,0.083370,0.281802,0.000100,0.959008,-0.283380,-0.293876,-0.270839,-0.916670),fov=70.000000,dt=0.015744},
	{cf=CFrame.new(0.603149,-0.359987,-2.059814,-0.959717,0.078736,0.269712,0.000102,0.960031,-0.279893,-0.280970,-0.268590,-0.921366),fov=70.000000,dt=0.016499},
	{cf=CFrame.new(0.577454,-0.341988,-2.069824,-0.963226,0.074162,0.258254,0.000027,0.961181,-0.275918,-0.268692,-0.265764,-0.925837),fov=70.000000,dt=0.019324},
	{cf=CFrame.new(0.554443,-0.320995,-2.079468,-0.966231,0.069999,0.247988,0.000204,0.962604,-0.270914,-0.257678,-0.261714,-0.930112),fov=70.000000,dt=0.015994},
	{cf=CFrame.new(0.531311,-0.299982,-2.088745,-0.969132,0.065788,0.237605,0.000248,0.964000,-0.265901,-0.246545,-0.257634,-0.934260),fov=70.000000,dt=0.015072},
	{cf=CFrame.new(0.512024,-0.282457,-2.096191,-0.971440,0.062386,0.228939,0.000310,0.965151,-0.261692,-0.237287,-0.254147,-0.937606),fov=70.000000,dt=0.015583},
	{cf=CFrame.new(0.488647,-0.261414,-2.104858,-0.974082,0.058278,0.218561,0.000230,0.966495,-0.256685,-0.226197,-0.249982,-0.941459),fov=70.000000,dt=0.015926},
	{cf=CFrame.new(0.465210,-0.240356,-2.113159,-0.976614,0.054207,0.208057,0.000101,0.967810,-0.251681,-0.215002,-0.245774,-0.945182),fov=70.000000,dt=0.017668},
	{cf=CFrame.new(0.443054,-0.217587,-2.121338,-0.978890,0.050268,0.198111,0.000002,0.969286,-0.245937,-0.204389,-0.240745,-0.948824),fov=70.000000,dt=0.018687},
	{cf=CFrame.new(0.435364,-0.201939,-2.125610,-0.979661,0.048496,0.194710,0.000094,0.970467,-0.241235,-0.200659,-0.236310,-0.950733),fov=70.000000,dt=0.015098},
	{cf=CFrame.new(0.427612,-0.186275,-2.129761,-0.980437,0.046652,0.191223,0.000085,0.971606,-0.236606,-0.196832,-0.231961,-0.952602),fov=70.000000,dt=0.016985},
	{cf=CFrame.new(0.421143,-0.173214,-2.133179,-0.981059,0.045235,0.188355,0.000155,0.972535,-0.232755,-0.193710,-0.228317,-0.954122),fov=70.000000,dt=0.014461},
	{cf=CFrame.new(0.410828,-0.152298,-2.138550,-0.982041,0.042877,0.183731,0.000151,0.974012,-0.226495,-0.188668,-0.222399,-0.956527),fov=70.000000,dt=0.022402},
	{cf=CFrame.new(0.403870,-0.138666,-2.141968,-0.982686,0.041376,0.180602,0.000132,0.974903,-0.222630,-0.185280,-0.218752,-0.958029),fov=70.000000,dt=0.015997},
	{cf=CFrame.new(0.397888,-0.127087,-2.144653,-0.983221,0.040176,0.177940,0.000149,0.975623,-0.219454,-0.182419,-0.215745,-0.959259),fov=70.000000,dt=0.016198},
	{cf=CFrame.new(0.392822,-0.117434,-2.146973,-0.983669,0.039170,0.175677,0.000140,0.976199,-0.216876,-0.179990,-0.213309,-0.960262),fov=70.000000,dt=0.014980},
	{cf=CFrame.new(0.386658,-0.105846,-2.149536,-0.984203,0.037977,0.172922,0.000149,0.976900,-0.213697,-0.177043,-0.210296,-0.961474),fov=70.000000,dt=0.016692},
	{cf=CFrame.new(0.381653,-0.096189,-2.151855,-0.984637,0.036984,0.170652,0.000125,0.977461,-0.211117,-0.174613,-0.207852,-0.962449),fov=70.000000,dt=0.013433},
	{cf=CFrame.new(0.374451,-0.082661,-2.154785,-0.985233,0.035547,0.167492,0.000035,0.978253,-0.207415,-0.171222,-0.204346,-0.963808),fov=70.000000,dt=0.018839},
	{cf=CFrame.new(0.358154,-0.053783,-2.160645,-0.986540,0.032849,0.160188,0.000018,0.979636,-0.200782,-0.163521,-0.198077,-0.966450),fov=70.000000,dt=0.060021},
	{cf=CFrame.new(0.351685,-0.042585,-2.162964,-0.987037,0.031842,0.157303,0.000006,0.980128,-0.198368,-0.160494,-0.195796,-0.967422),fov=70.000000,dt=0.024148},
	{cf=CFrame.new(0.348816,-0.037607,-2.163940,-0.987262,0.031361,0.155986,-0.000023,0.980354,-0.197246,-0.159107,-0.194737,-0.967865),fov=70.000000,dt=0.011977},
	{cf=CFrame.new(0.347473,-0.025446,-2.166260,-0.987378,0.030486,0.155423,0.000004,0.981304,-0.192463,-0.158384,-0.190033,-0.968918),fov=70.000000,dt=0.015760},
	{cf=CFrame.new(0.345825,-0.011242,-2.169067,-0.987535,0.029445,0.154621,0.000027,0.982378,-0.186905,-0.157399,-0.184571,-0.970134),fov=70.000000,dt=0.020478},
	{cf=CFrame.new(0.344238,0.002974,-2.171631,-0.987678,0.028416,0.153899,0.000036,0.983420,-0.181343,-0.156500,-0.179103,-0.971303),fov=70.000000,dt=0.017990},
	{cf=CFrame.new(0.342529,0.017204,-2.174072,-0.987820,0.027391,0.153172,0.000041,0.984430,-0.175777,-0.155602,-0.173630,-0.972440),fov=70.000000,dt=0.019511},
	{cf=CFrame.new(0.341919,0.023304,-2.175293,-0.987876,0.027003,0.152880,0.000089,0.984855,-0.173382,-0.155246,-0.171267,-0.972916),fov=70.000000,dt=0.010322},
	{cf=CFrame.new(0.340210,0.037552,-2.177612,-0.988017,0.025892,0.152155,0.000006,0.985835,-0.167718,-0.154343,-0.165708,-0.974022),fov=70.000000,dt=0.018470},
	{cf=CFrame.new(0.338989,0.049839,-2.179688,-0.988116,0.025038,0.151658,0.000009,0.986654,-0.162830,-0.153710,-0.160894,-0.974929),fov=70.000000,dt=0.017242},
	{cf=CFrame.new(0.338928,0.062464,-2.181641,-0.988148,0.024187,0.151588,0.000008,0.987517,-0.157513,-0.153506,-0.155645,-0.975813),fov=70.000000,dt=0.014550},
	{cf=CFrame.new(0.338867,0.077204,-2.183960,-0.988180,0.023185,0.151532,-0.000014,0.988483,-0.151333,-0.153295,-0.149546,-0.976799),fov=70.000000,dt=0.020151},
	{cf=CFrame.new(0.338806,0.087742,-2.185425,-0.988198,0.022500,0.151523,-0.000012,0.989143,-0.146954,-0.153184,-0.145222,-0.977469),fov=70.000000,dt=0.015281},
	{cf=CFrame.new(0.338623,0.100395,-2.187134,-0.988229,0.021651,0.151443,-0.000016,0.989920,-0.141627,-0.152983,-0.139962,-0.978267),fov=70.000000,dt=0.016341},
	{cf=CFrame.new(0.338562,0.115170,-2.189087,-0.988261,0.020644,0.151375,-0.000035,0.990798,-0.135350,-0.152776,-0.133767,-0.979166),fov=70.000000,dt=0.017677},
	{cf=CFrame.new(0.339111,0.130156,-2.191040,-0.988240,0.019647,0.151646,-0.000065,0.991658,-0.128898,-0.152913,-0.127392,-0.979994),fov=70.000000,dt=0.019533},
	{cf=CFrame.new(0.340271,0.143240,-2.192505,-0.988178,0.018797,0.152157,-0.000070,0.992401,-0.123048,-0.153314,-0.121604,-0.980667),fov=70.000000,dt=0.017358},
	{cf=CFrame.new(0.341492,0.156334,-2.193970,-0.988102,0.017948,0.152750,-0.000078,0.993109,-0.117194,-0.153800,-0.115811,-0.981292),fov=70.000000,dt=0.016929},
	{cf=CFrame.new(0.342651,0.169434,-2.195312,-0.988039,0.017092,0.153253,-0.000078,0.993783,-0.111337,-0.154203,-0.110017,-0.981895),fov=70.000000,dt=0.016671},
	{cf=CFrame.new(0.343933,0.182549,-2.196533,-0.987962,0.016323,0.153834,0.000005,0.994421,-0.105484,-0.154697,-0.104214,-0.982450),fov=70.000000,dt=0.016362},
	{cf=CFrame.new(0.345276,0.197855,-2.197876,-0.987886,0.015306,0.154427,-0.000006,0.995120,-0.098672,-0.155184,-0.097478,-0.983065),fov=70.000000,dt=0.018842},
	{cf=CFrame.new(0.345825,0.204418,-2.198486,-0.987861,0.014829,0.154633,-0.000044,0.995407,-0.095736,-0.155342,-0.094581,-0.983323),fov=70.064102,dt=0.010866},
	{cf=CFrame.new(0.347778,0.226309,-2.200195,-0.987744,0.013417,0.155502,-0.000004,0.996296,-0.085988,-0.156080,-0.084935,-0.984086),fov=70.705132,dt=0.025114},
	{cf=CFrame.new(0.424805,0.270012,-2.184937,-0.982046,0.009062,0.188422,-0.004252,0.997528,-0.070135,-0.188592,-0.069677,-0.979581),fov=71.153847,dt=0.020432},
	{cf=CFrame.new(0.488342,0.304884,-2.169800,-0.976489,0.005098,0.215506,-0.007500,0.998312,-0.057597,-0.215435,-0.057859,-0.974802),fov=71.474358,dt=0.014839},
	{cf=CFrame.new(0.576599,0.353994,-2.145630,-0.967447,-0.000923,0.253071,-0.011404,0.999137,-0.039952,-0.252815,-0.041537,-0.966622),fov=72.307693,dt=0.017497},
	{cf=CFrame.new(0.651306,0.396376,-2.121704,-0.958532,-0.006522,0.284911,-0.014149,0.999594,-0.024719,-0.284634,-0.027725,-0.958235),fov=73.076920,dt=0.017957},
	{cf=CFrame.new(0.712830,0.431860,-2.099365,-0.950319,-0.011638,0.311060,-0.016150,0.999798,-0.011935,-0.310858,-0.016365,-0.950315),fov=73.717949,dt=0.014669},
	{cf=CFrame.new(0.785828,0.474569,-2.070312,-0.939473,-0.018066,0.342146,-0.017976,0.999833,0.003434,-0.342151,-0.002924,-0.939641),fov=74.487190,dt=0.015208},
	{cf=CFrame.new(0.857788,0.517395,-2.038574,-0.927614,-0.025022,0.372702,-0.019383,0.999634,0.018871,-0.373037,0.010281,-0.927760),fov=75.256409,dt=0.017580},
	{cf=CFrame.new(1.152405,0.585691,-1.592773,-0.885725,-0.042324,0.462276,-0.026398,0.998816,0.040870,-0.463459,0.023997,-0.885794),fov=76.025642,dt=0.015528},
	{cf=CFrame.new(1.425415,0.647938,-1.135254,-0.838003,-0.059502,0.542412,-0.031495,0.997654,0.060784,-0.544757,0.033854,-0.837911),fov=76.371788,dt=0.014963},
	{cf=CFrame.new(1.738403,0.723579,-0.565552,-0.770956,-0.081080,0.631707,-0.035001,0.995758,0.085091,-0.635926,0.043491,-0.770523),fov=76.698723,dt=0.015482},
	{cf=CFrame.new(2.032166,0.799664,0.026733,-0.694067,-0.103580,0.712420,-0.035771,0.993335,0.109574,-0.719021,0.050568,-0.693146),fov=77.025635,dt=0.018832},
	{cf=CFrame.new(2.348633,0.888067,0.742065,-0.593185,-0.130660,0.794393,-0.033140,0.989869,0.138065,-0.804384,0.055572,-0.591505),fov=77.407051,dt=0.019695},
	{cf=CFrame.new(2.391541,0.865252,1.290894,-0.552156,-0.137706,0.822290,-0.041459,0.989581,0.137883,-0.832709,0.042042,-0.552112),fov=77.288460,dt=0.025318},
	{cf=CFrame.new(2.390198,0.845808,1.538940,-0.537627,-0.139362,0.831586,-0.046547,0.989648,0.135759,-0.841897,0.034280,-0.538549),fov=77.044868,dt=0.014973},
	{cf=CFrame.new(2.387939,0.822727,1.837158,-0.520004,-0.141071,0.842434,-0.052671,0.989686,0.133217,-0.852538,0.024902,-0.522071),fov=76.487183,dt=0.015844},
	{cf=CFrame.new(2.382446,0.784826,2.335449,-0.490112,-0.143483,0.859769,-0.062985,0.989610,0.129246,-0.869381,0.009193,-0.494057),fov=75.557693,dt=0.029802},
	{cf=CFrame.new(2.345032,0.683414,2.827759,-0.445123,-0.107141,0.889037,-0.050981,0.994238,0.094294,-0.894017,-0.003352,-0.448021),fov=74.000000,dt=0.038236},
	{cf=CFrame.new(2.275818,0.541506,3.167969,-0.395727,-0.040919,0.917456,-0.021382,0.999147,0.035340,-0.918119,-0.005632,-0.396264),fov=72.250000,dt=0.039623},
	{cf=CFrame.new(2.213684,0.354235,3.432861,-0.356756,0.023870,0.933893,-0.006382,0.999588,-0.027988,-0.934176,-0.015945,-0.356457),fov=71.009262,dt=0.042570},
	{cf=CFrame.new(2.186157,0.197729,3.538330,-0.342922,0.064390,0.937154,-0.007420,0.997431,-0.071246,-0.939335,-0.031385,-0.341563),fov=71.064812,dt=0.034824},
	{cf=CFrame.new(2.151489,0.028580,3.654297,-0.327855,0.108260,0.938505,-0.009278,0.992996,-0.117787,-0.944683,-0.047324,-0.324554),fov=71.388885,dt=0.034354},
	{cf=CFrame.new(2.359802,-0.115124,3.714111,-0.329621,0.128778,0.935290,-0.007474,0.990267,-0.138982,-0.944084,-0.052802,-0.325451),fov=72.777786,dt=0.037714},
	{cf=CFrame.new(2.563171,-0.214012,3.758789,-0.331280,0.136545,0.933600,-0.006067,0.989144,-0.146821,-0.943513,-0.054303,-0.326855),fov=74.166664,dt=0.027026},
	{cf=CFrame.new(2.640869,-0.244823,3.807739,-0.324894,0.135285,0.936025,-0.007220,0.989333,-0.145496,-0.945723,-0.054028,-0.320451),fov=74.861122,dt=0.013417},
	{cf=CFrame.new(2.734253,-0.281576,3.867432,-0.317295,0.133731,0.938851,-0.008685,0.989556,-0.143888,-0.948287,-0.053809,-0.312819),fov=75.740738,dt=0.018097},
	{cf=CFrame.new(2.843445,-0.324156,3.938477,-0.308344,0.132025,0.942069,-0.010327,0.989799,-0.142094,-0.951219,-0.053542,-0.303835),fov=77.037041,dt=0.018854},
	{cf=CFrame.new(2.974426,-0.348473,4.106079,-0.280341,0.118958,0.952501,-0.015890,0.991580,-0.128516,-0.959769,-0.051164,-0.276091),fov=78.009262,dt=0.029436},
	{cf=CFrame.new(3.044373,-0.316874,4.246460,-0.254976,0.102241,0.961527,-0.019667,0.993640,-0.110871,-0.966747,-0.047180,-0.251344),fov=78.207672,dt=0.018686},
	{cf=CFrame.new(3.111328,-0.285135,4.387329,-0.229529,0.085360,0.969552,-0.022918,0.995397,-0.093061,-0.973032,-0.043581,-0.226516),fov=78.406082,dt=0.016496},
	{cf=CFrame.new(3.165100,-0.258623,4.504883,-0.207993,0.071194,0.975536,-0.025363,0.996620,-0.078140,-0.977801,-0.040995,-0.205485),fov=78.571426,dt=0.013342},
	{cf=CFrame.new(3.238281,-0.215456,4.675781,-0.176738,0.049904,0.982992,-0.028070,0.998052,-0.055715,-0.983858,-0.037440,-0.174993),fov=77.738106,dt=0.017720},
	{cf=CFrame.new(3.301147,-0.151724,4.847046,-0.145872,0.026522,0.988948,-0.028874,0.999101,-0.031054,-0.988882,-0.033084,-0.144975),fov=77.023804,dt=0.016615},
	{cf=CFrame.new(3.326172,-0.115938,4.961304,-0.127906,0.013075,0.991700,-0.027852,0.999471,-0.016769,-0.991395,-0.029765,-0.127474),fov=76.428574,dt=0.013828},
	{cf=CFrame.new(3.354126,-0.073469,5.098267,-0.106426,-0.003221,0.994315,-0.026183,0.999657,0.000436,-0.993976,-0.025988,-0.106474),fov=75.714287,dt=0.018494},
	{cf=CFrame.new(3.375610,-0.038502,5.212158,-0.088487,-0.016793,0.995936,-0.024600,0.999590,0.014669,-0.995774,-0.023202,-0.088863),fov=75.119049,dt=0.014438},
	{cf=CFrame.new(3.395691,-0.003899,5.325928,-0.070422,-0.030469,0.997052,-0.022704,0.999323,0.028935,-0.997259,-0.020599,-0.071066),fov=74.523811,dt=0.012051},
	{cf=CFrame.new(3.400757,0.015589,5.403198,-0.059876,-0.038466,0.997464,-0.020601,0.999092,0.037292,-0.997993,-0.018316,-0.060614),fov=74.047623,dt=0.011457},
	{cf=CFrame.new(3.392090,0.032541,5.498657,-0.049792,-0.046025,0.997699,-0.016884,0.998834,0.045234,-0.998617,-0.014593,-0.050511),fov=73.427582,dt=0.017613},
	{cf=CFrame.new(3.383057,0.049238,5.593994,-0.039647,-0.053619,0.997774,-0.013086,0.998501,0.053138,-0.999128,-0.010950,-0.040289),fov=72.996033,dt=0.016464},
	{cf=CFrame.new(3.365967,0.082783,5.694458,-0.033561,-0.063280,0.997431,-0.009670,0.997967,0.062988,-0.999390,-0.007531,-0.034105),fov=72.564484,dt=0.015295},
	{cf=CFrame.new(3.327942,0.161205,5.823242,-0.035442,-0.079375,0.996215,-0.007027,0.996836,0.079175,-0.999347,-0.004194,-0.035887),fov=72.061012,dt=0.019260},
	{cf=CFrame.new(3.300354,0.216530,5.915405,-0.036942,-0.090780,0.995186,-0.005101,0.995870,0.090653,-0.999304,-0.001727,-0.037252),fov=71.795631,dt=0.014787},
	{cf=CFrame.new(3.250000,0.314602,6.081787,-0.039544,-0.111374,0.992991,-0.001721,0.993775,0.111393,-0.999216,0.002696,-0.039489),fov=71.572418,dt=0.024544},
	{cf=CFrame.new(3.195984,0.419857,6.207275,-0.051015,-0.130124,0.990184,-0.001136,0.991482,0.130236,-0.998697,0.005520,-0.050728),fov=71.659218,dt=0.016720},
	{cf=CFrame.new(3.159485,0.485855,6.273560,-0.060507,-0.143086,0.987859,-0.000994,0.989680,0.143289,-0.998167,0.007688,-0.060025),fov=71.770836,dt=0.013347},
	{cf=CFrame.new(3.118896,0.555819,6.341431,-0.071294,-0.157567,0.984931,-0.000893,0.987454,0.157906,-0.997455,0.010379,-0.070540),fov=71.904762,dt=0.018251},
	{cf=CFrame.new(3.070862,0.636145,6.421631,-0.083946,-0.174386,0.981093,-0.000973,0.984582,0.174923,-0.996470,0.013730,-0.082821),fov=72.061012,dt=0.018042},
	{cf=CFrame.new(2.979919,0.765177,6.515991,-0.111726,-0.208011,0.971725,-0.001157,0.977873,0.209194,-0.993739,0.022248,-0.109494),fov=73.263885,dt=0.050239},
	{cf=CFrame.new(2.972656,0.769367,6.527222,-0.113776,-0.209412,0.971186,-0.001214,0.977562,0.210644,-0.993506,0.022787,-0.111477),fov=73.611115,dt=0.013453},
	{cf=CFrame.new(2.968445,0.768950,6.539917,-0.114600,-0.209275,0.971118,-0.001173,0.977587,0.210531,-0.993411,0.022988,-0.112277),fov=73.958344,dt=0.016118},
	{cf=CFrame.new(2.962463,0.768366,6.557617,-0.115652,-0.209080,0.971036,-0.001214,0.977625,0.210354,-0.993289,0.023149,-0.113318),fov=74.444443,dt=0.019670},
	{cf=CFrame.new(2.956482,0.767784,6.575317,-0.116830,-0.208819,0.970951,-0.001203,0.977675,0.210121,-0.993151,0.023380,-0.114473),fov=74.930557,dt=0.018506},
	{cf=CFrame.new(2.968506,0.739815,6.600708,-0.110705,-0.199300,0.973665,-0.001164,0.979712,0.200405,-0.993853,0.021052,-0.108691),fov=75.416664,dt=0.019693},
	{cf=CFrame.new(2.989868,0.713343,6.623535,-0.105845,-0.188223,0.976406,-0.002082,0.981962,0.189068,-0.994380,0.017979,-0.104328),fov=75.694443,dt=0.011166},
	{cf=CFrame.new(3.026733,0.666267,6.663940,-0.097251,-0.168717,0.980855,-0.003827,0.985583,0.169151,-0.995253,0.012696,-0.096494),fov=76.180557,dt=0.017922},
	{cf=CFrame.new(3.052490,0.631842,6.693359,-0.091248,-0.154740,0.983732,-0.005104,0.987913,0.154925,-0.995815,0.009116,-0.090935),fov=76.527779,dt=0.015747},
	{cf=CFrame.new(3.082825,0.589785,6.728882,-0.083913,-0.137901,0.986885,-0.006800,0.990434,0.137819,-0.996450,0.004854,-0.084048),fov=76.944443,dt=0.015395},
	{cf=CFrame.new(3.116638,0.547153,6.765259,-0.077289,-0.120167,0.989741,-0.009000,0.992754,0.119830,-0.996968,0.000354,-0.077811),fov=77.291664,dt=0.014996},
	{cf=CFrame.new(3.167358,0.488655,6.812256,-0.068527,-0.095513,0.993067,-0.011275,0.995417,0.094962,-0.997586,-0.004689,-0.069290),fov=77.708336,dt=0.017334},
	{cf=CFrame.new(3.211365,0.437878,6.850586,-0.060689,-0.074627,0.995363,-0.012334,0.997181,0.074011,-0.998081,-0.007785,-0.061438),fov=78.055557,dt=0.013714},
	{cf=CFrame.new(3.279480,0.353102,6.913574,-0.048218,-0.041016,0.997994,-0.014348,0.999082,0.040367,-0.998734,-0.012373,-0.048763),fov=78.611115,dt=0.020450},
	{cf=CFrame.new(3.320374,0.297953,6.953979,-0.040530,-0.019902,0.998980,-0.015837,0.999689,0.019274,-0.999053,-0.015040,-0.040832),fov=78.229164,dt=0.015779},
	{cf=CFrame.new(3.371338,0.228771,7.001343,-0.030619,0.005847,0.999514,-0.016629,0.999842,-0.006359,-0.999393,-0.016815,-0.030517),fov=77.187500,dt=0.015141},
	{cf=CFrame.new(3.432068,0.143841,7.056152,-0.018253,0.036340,0.999173,-0.016637,0.999190,-0.036645,-0.999695,-0.017292,-0.017634),fov=75.972214,dt=0.019472},
	{cf=CFrame.new(3.539734,0.122023,7.197144,0.008138,0.048467,0.998792,-0.018696,0.998658,-0.048308,-0.999792,-0.018281,0.009033),fov=75.104164,dt=0.015484},
	{cf=CFrame.new(3.805115,0.130289,7.579224,0.077081,0.058862,0.995286,-0.024998,0.998056,-0.057090,-0.996711,-0.020480,0.078403),fov=73.541672,dt=0.024206},
	{cf=CFrame.new(3.954102,0.143028,7.901489,0.153306,0.066189,0.985960,-0.030286,0.997600,-0.062261,-0.987715,-0.020316,0.154943),fov=72.083336,dt=0.018042},
	{cf=CFrame.new(3.878357,0.172918,8.141357,0.274025,0.066873,0.959395,-0.033425,0.997639,-0.059991,-0.961141,-0.015629,0.275614),fov=70.416664,dt=0.011760},
	{cf=CFrame.new(3.663208,0.240313,8.511963,0.488208,0.063317,0.870427,-0.036898,0.997970,-0.051899,-0.871947,-0.006780,0.489554),fov=67.335526,dt=0.021190},
	{cf=CFrame.new(3.648743,0.335075,8.663574,0.582734,0.039360,0.811709,-0.026832,0.999214,-0.029189,-0.812220,-0.004770,0.583332),fov=66.184212,dt=0.019362},
	{cf=CFrame.new(3.590210,0.451733,8.828979,0.693111,0.008505,0.720780,-0.010398,0.999944,-0.001800,-0.720756,-0.006247,0.693161),fov=64.703949,dt=0.025478},
	{cf=CFrame.new(3.517761,0.522947,8.870239,0.735479,-0.006076,0.677520,-0.009935,0.999756,0.019750,-0.677474,-0.021257,0.735239),fov=63.552628,dt=0.019481},
	{cf=CFrame.new(3.417908,0.607904,8.892212,0.779200,-0.021495,0.626407,-0.010914,0.998795,0.047850,-0.626681,-0.044121,0.778026),fov=63.207237,dt=0.025639},
	{cf=CFrame.new(3.345337,0.658644,8.890503,0.808244,-0.031635,0.587997,-0.010964,0.997574,0.068742,-0.588745,-0.062007,0.805937),fov=62.900219,dt=0.021017},
	{cf=CFrame.new(3.314148,0.676548,8.883423,0.820108,-0.035719,0.571093,-0.010870,0.996897,0.077960,-0.572106,-0.070144,0.817175),fov=62.746712,dt=0.012904},
	{cf=CFrame.new(3.251526,0.711349,8.865356,0.842777,-0.043307,0.536518,-0.010204,0.995293,0.096368,-0.538166,-0.086691,0.838369),fov=63.070175,dt=0.021061},
	{cf=CFrame.new(3.204651,0.736362,8.847778,0.858826,-0.048627,0.509954,-0.009078,0.993883,0.110061,-0.512187,-0.099153,0.853131),fov=63.596493,dt=0.016960},
	{cf=CFrame.new(3.175903,0.739372,8.822021,0.868342,-0.051633,0.493270,-0.008996,0.992763,0.119753,-0.495884,-0.108424,0.861594),fov=64.122810,dt=0.017088},
	{cf=CFrame.new(3.150940,0.737724,8.793945,0.876415,-0.054161,0.478500,-0.008941,0.991654,0.128621,-0.481473,-0.117004,0.868616),fov=64.649117,dt=0.016417},
	{cf=CFrame.new(3.126099,0.735720,8.764771,0.884270,-0.056545,0.463539,-0.008736,0.990465,0.137489,-0.466894,-0.125627,0.875345),fov=65.175438,dt=0.016591},
	{cf=CFrame.new(3.101440,0.733353,8.734619,0.891863,-0.058769,0.448471,-0.008367,0.989209,0.146269,-0.452228,-0.134205,0.881748),fov=65.701752,dt=0.016260},
	{cf=CFrame.new(3.180237,0.699432,8.561523,0.880929,-0.067230,0.468448,-0.007814,0.987657,0.156439,-0.473183,-0.141472,0.869530),fov=66.315788,dt=0.019050},
	{cf=CFrame.new(3.258484,0.664461,8.394165,0.868140,-0.075529,0.490538,-0.007525,0.986236,0.165170,-0.496262,-0.147082,0.855623),fov=66.842102,dt=0.017231},
	{cf=CFrame.new(3.319824,0.634087,8.255493,0.856986,-0.082542,0.508686,-0.007472,0.984996,0.172418,-0.515285,-0.151561,0.843511),fov=67.280701,dt=0.014707},
	{cf=CFrame.new(3.401245,0.590086,8.062378,0.840730,-0.092481,0.533498,-0.007716,0.983159,0.182589,-0.541400,-0.157625,0.825858),fov=67.763161,dt=0.019206},
	{cf=CFrame.new(3.554810,0.509956,7.817749,0.813054,-0.095560,0.574292,-0.009452,0.984141,0.177138,-0.582111,-0.149451,0.799256),fov=68.157890,dt=0.017216},
	{cf=CFrame.new(3.703796,0.429880,7.570068,0.783387,-0.098210,0.613726,-0.011005,0.985091,0.171683,-0.621437,-0.141248,0.770626),fov=68.552635,dt=0.015648},
	{cf=CFrame.new(3.848022,0.349892,7.319702,0.751833,-0.100449,0.651657,-0.012229,0.986033,0.166100,-0.659240,-0.132849,0.740104),fov=68.947365,dt=0.018034},
	{cf=CFrame.new(4.062805,0.229113,6.949341,0.701502,-0.100424,0.705557,-0.013281,0.988008,0.153830,-0.712544,-0.117282,0.691756),fov=69.298248,dt=0.021467},
	{cf=CFrame.new(4.580322,-0.060894,6.098145,0.572200,-0.082482,0.815956,-0.009889,0.994163,0.107432,-0.820054,-0.069542,0.568045),fov=69.692993,dt=0.038206},
	{cf=CFrame.new(4.795288,-0.198196,5.736816,0.460869,-0.058691,0.885525,-0.017120,0.997037,0.074992,-0.887303,-0.049722,0.458499),fov=69.868423,dt=0.021600},
	{cf=CFrame.new(4.878967,-0.265202,5.563599,0.396895,-0.044241,0.916797,-0.021170,0.998131,0.057330,-0.917620,-0.042163,0.395217),fov=69.956146,dt=0.013422},
	{cf=CFrame.new(5.094299,-0.494455,4.942017,0.176630,0.005944,0.984259,-0.025438,0.999675,-0.001472,-0.983949,-0.024777,0.176724),fov=70.000000,dt=0.035828},
	{cf=CFrame.new(5.091553,-0.634037,4.561279,0.041274,0.028091,0.998753,-0.028091,0.999242,-0.026944,-0.998753,-0.026944,0.042032),fov=70.000000,dt=0.028723},
	{cf=CFrame.new(5.048889,-0.743643,4.263428,-0.065252,0.044032,0.996897,-0.028671,0.998531,-0.045981,-0.997457,-0.031582,-0.063894),fov=70.000000,dt=0.026545},
	{cf=CFrame.new(4.995544,-0.828764,4.033203,-0.147726,0.056050,0.987439,-0.027565,0.997772,-0.060761,-0.988644,-0.036195,-0.145852),fov=70.000000,dt=0.019553},
	{cf=CFrame.new(4.881714,-0.959555,3.776733,-0.248946,0.080173,0.965194,-0.028548,0.995528,-0.090056,-0.968097,-0.049973,-0.245544),fov=70.000000,dt=0.026016},
	{cf=CFrame.new(4.718445,-1.110453,3.552734,-0.346743,0.110387,0.931442,-0.029295,0.991292,-0.128386,-0.937503,-0.071803,-0.340490),fov=70.000000,dt=0.032808},
	{cf=CFrame.new(4.526062,-1.267641,3.383667,-0.431927,0.143114,0.890482,-0.028965,0.984620,-0.172293,-0.901444,-0.100211,-0.421138),fov=70.000000,dt=0.030026},
	{cf=CFrame.new(4.348816,-1.405592,3.316650,-0.486484,0.174800,0.856025,-0.029800,0.975892,-0.216212,-0.873181,-0.130693,-0.469547),fov=70.000000,dt=0.024265},
	{cf=CFrame.new(4.196472,-1.536177,3.513184,-0.527985,0.215654,0.821417,-0.024920,0.962871,-0.268809,-0.848888,-0.162397,-0.503007),fov=70.000000,dt=0.036101},
	{cf=CFrame.new(4.143738,-1.632856,4.362427,-0.534158,0.279874,0.797713,-0.011894,0.941028,-0.338120,-0.845301,-0.190098,-0.499328),fov=70.000000,dt=0.062062},
	{cf=CFrame.new(4.234985,-1.614536,5.068115,-0.502290,0.310988,0.806840,-0.005793,0.931857,-0.362781,-0.864680,-0.186895,-0.466261),fov=70.000000,dt=0.028460},
	{cf=CFrame.new(4.307617,-1.623672,5.890747,-0.460924,0.350327,0.815365,-0.002253,0.918319,-0.395836,-0.887437,-0.184287,-0.422486),fov=71.500000,dt=0.046866},
	{cf=CFrame.new(4.352844,-1.632412,6.600708,-0.422125,0.379641,0.823215,-0.001018,0.907888,-0.419212,-0.906537,-0.177798,-0.382856),fov=74.333336,dt=0.043524},
	{cf=CFrame.new(4.364197,-1.635735,6.927734,-0.402213,0.389403,0.828607,-0.001045,0.904846,-0.425738,-0.915545,-0.172104,-0.363534),fov=76.250008,dt=0.025289},
	{cf=CFrame.new(4.376709,-1.689770,7.251587,-0.356169,0.387581,0.850250,0.005410,0.910761,-0.412898,-0.934406,-0.142461,-0.326481),fov=76.875000,dt=0.027053},
	{cf=CFrame.new(4.421814,-1.616545,7.520386,-0.309841,0.371208,0.875330,-0.001028,0.920505,-0.390729,-0.950788,-0.121964,-0.284829),fov=77.499992,dt=0.028886},
	{cf=CFrame.new(4.484497,-1.482985,7.706787,-0.268736,0.333961,0.903466,-0.009671,0.936988,-0.349229,-0.963165,-0.102587,-0.248573),fov=75.833336,dt=0.021674},
	{cf=CFrame.new(4.576294,-1.332430,7.907715,-0.198836,0.224836,0.953894,-0.000056,0.973326,-0.229427,-0.980033,-0.045672,-0.193519),fov=73.958344,dt=0.024609},
	{cf=CFrame.new(4.658325,-0.867428,8.083008,-0.120244,0.093750,0.988308,-0.017120,0.995187,-0.096486,-0.992597,-0.028522,-0.118060),fov=71.458336,dt=0.032485},
	{cf=CFrame.new(4.589050,-0.743786,8.255005,-0.063521,0.054035,0.996517,-0.021326,0.998232,-0.055488,-0.997753,-0.024776,-0.062256),fov=70.000000,dt=0.018978},
	{cf=CFrame.new(4.503662,-0.654659,8.434326,-0.006702,0.020738,0.999762,-0.022575,0.999527,-0.020885,-0.999723,-0.022710,-0.006231),fov=70.000000,dt=0.021018},
	{cf=CFrame.new(4.476562,-0.600230,8.623291,0.052637,-0.018833,0.998436,-0.018833,0.999626,0.019849,-0.998436,-0.019849,0.052262),fov=70.000000,dt=0.024809},
	{cf=CFrame.new(4.525452,-0.538956,8.798340,0.113789,-0.052230,0.992131,-0.022232,0.998233,0.055101,-0.993256,-0.028327,0.112426),fov=70.000000,dt=0.031627},
	{cf=CFrame.new(4.470764,-0.616699,9.042847,0.181069,-0.086614,0.979649,-0.005111,0.996018,0.089006,-0.983457,-0.021123,0.179906),fov=70.000000,dt=0.028226},
	{cf=CFrame.new(4.406616,-0.589144,9.179565,0.232833,-0.096191,0.967748,-0.002921,0.995023,0.099605,-0.972512,-0.026018,0.231393),fov=70.000000,dt=0.025552},
	{cf=CFrame.new(4.327148,-0.558949,9.329346,0.289590,-0.106473,0.951210,0.000247,0.993802,0.111166,-0.957151,-0.031958,0.287822),fov=70.000000,dt=0.028669},
	{cf=CFrame.new(4.252747,-0.555603,9.434448,0.337274,-0.099085,0.936178,0.001434,0.994498,0.104741,-0.941406,-0.033984,0.335560),fov=70.000000,dt=0.025763},
	{cf=CFrame.new(4.136902,-0.567875,9.562134,0.402636,-0.076585,0.912151,0.000699,0.996519,0.083360,-0.915360,-0.032927,0.401288),fov=70.000000,dt=0.033795},
	{cf=CFrame.new(4.053772,-0.548702,9.368774,0.416030,-0.043928,0.908289,-0.000651,0.998818,0.048605,-0.909351,-0.020813,0.415510),fov=70.000000,dt=0.030829},
	{cf=CFrame.new(4.001953,-0.510971,9.048096,0.400945,-0.011724,0.916027,-0.001032,0.999912,0.013249,-0.916101,-0.006257,0.400898),fov=70.000000,dt=0.022250},
	{cf=CFrame.new(3.916504,-0.442896,8.569336,0.378108,0.037106,0.925018,-0.000434,0.999203,-0.039904,-0.925762,0.014686,0.377823),fov=70.000000,dt=0.034831},
	{cf=CFrame.new(3.783813,-0.362837,8.011353,0.325701,0.071810,0.942742,-0.001089,0.997139,-0.075577,-0.945472,0.023588,0.324848),fov=70.000000,dt=0.024777},
	{cf=CFrame.new(3.578918,-0.251503,7.322998,0.243402,0.105019,0.964223,-0.001006,0.994148,-0.108024,-0.969925,0.025323,0.242084),fov=70.000000,dt=0.025952},
	{cf=CFrame.new(3.090149,-0.343624,5.987427,-0.052016,0.180149,0.982263,-0.037515,0.982548,-0.182188,-0.997941,-0.046326,-0.044350),fov=70.000000,dt=0.026404},
	{cf=CFrame.new(2.496826,-0.489632,4.136230,-0.504869,0.175779,0.845109,-0.014590,0.977169,-0.211963,-0.863072,-0.119344,-0.490778),fov=70.000000,dt=0.042894},
	{cf=CFrame.new(2.965698,-0.524708,4.018066,-0.472467,0.152205,0.868106,-0.023234,0.982482,-0.184904,-0.881042,-0.107530,-0.460654),fov=70.000000,dt=0.024341},
	{cf=CFrame.new(3.495117,-0.858185,3.700684,-0.472601,0.192143,0.860075,-0.002815,0.975609,-0.219500,-0.881272,-0.106157,-0.460533),fov=70.000000,dt=0.021275},
	{cf=CFrame.new(3.730164,-0.775246,3.298340,-0.496324,0.179541,0.849369,-0.029676,0.974300,-0.223290,-0.867630,-0.136030,-0.478241),fov=70.000000,dt=0.032306},
	{cf=CFrame.new(4.158691,-0.972738,3.271240,-0.479003,0.185489,0.857992,-0.006643,0.976625,-0.214846,-0.877788,-0.108612,-0.466574),fov=69.997337,dt=0.048824},
	{cf=CFrame.new(4.415039,-0.990301,3.177612,-0.479003,0.185489,0.857992,-0.006643,0.976625,-0.214846,-0.877788,-0.108612,-0.466574),fov=69.946579,dt=0.052376},
	{cf=CFrame.new(4.463257,-1.066698,3.088257,-0.479003,0.185489,0.857992,-0.006643,0.976625,-0.214846,-0.877788,-0.108612,-0.466574),fov=69.861115,dt=0.046909},
	{cf=CFrame.new(4.496521,-1.137003,3.533325,-0.417154,0.196686,0.887298,-0.050123,0.969836,-0.238548,-0.907453,-0.143985,-0.394713),fov=69.647438,dt=0.056577},
	{cf=CFrame.new(4.675415,-1.124565,4.603394,-0.251184,0.219393,0.942748,-0.052435,0.969460,-0.239580,-0.966518,-0.109612,-0.232008),fov=69.503204,dt=0.026482},
	{cf=CFrame.new(4.794678,-1.183142,6.020508,-0.017519,0.251348,0.967738,-0.043591,0.966774,-0.251887,-0.998896,-0.046597,-0.005980),fov=69.326927,dt=0.030329},
	{cf=CFrame.new(4.773682,-1.303364,6.736572,0.097602,0.275087,0.956452,-0.037485,0.961375,-0.272678,-0.994519,-0.009239,0.104144),fov=69.166656,dt=0.027121},
	{cf=CFrame.new(4.766479,-1.502321,7.228149,0.169094,0.304447,0.937401,-0.022844,0.952051,-0.305084,-0.985335,0.030174,0.167941),fov=68.974358,dt=0.024603},
	{cf=CFrame.new(4.589172,-1.750006,8.681519,0.402619,0.316108,0.859054,-0.027081,0.942182,-0.334005,-0.914967,0.111213,0.387901),fov=68.675217,dt=0.037636},
	{cf=CFrame.new(4.692078,-1.764687,8.985229,0.440813,0.291373,0.848991,0.001768,0.945563,-0.325434,-0.897597,0.144957,0.416301),fov=68.504280,dt=0.023050},
	{cf=CFrame.new(4.659546,-1.864790,9.590820,0.516852,0.278703,0.809437,0.006012,0.944317,-0.328984,-0.856054,0.174902,0.486396),fov=68.247864,dt=0.034232},
	{cf=CFrame.new(4.624878,-1.937304,9.926758,0.548812,0.286947,0.785154,-0.016202,0.942715,-0.333205,-0.835789,0.170146,0.522023),fov=68.098289,dt=0.018998},
	{cf=CFrame.new(4.660156,-1.858332,10.140991,0.568620,0.266785,0.778137,-0.013502,0.948847,-0.315447,-0.822490,0.168863,0.543136),fov=67.948715,dt=0.018369},
	{cf=CFrame.new(4.696167,-1.767302,10.309692,0.583654,0.245490,0.774004,-0.007621,0.954818,-0.297093,-0.811966,0.167501,0.559155),fov=67.820511,dt=0.018357},
	{cf=CFrame.new(4.701172,-1.750845,10.472656,0.598532,0.237262,0.765158,-0.007536,0.956760,-0.290780,-0.801064,0.168275,0.574439),fov=67.670937,dt=0.018869},
	{cf=CFrame.new(4.702637,-1.730734,10.660400,0.615320,0.227944,0.754601,-0.007361,0.958898,-0.283655,-0.788243,0.168984,0.591707),fov=67.500000,dt=0.020560},
	{cf=CFrame.new(4.699829,-1.709326,10.849365,0.631824,0.218518,0.743672,-0.006986,0.961005,-0.276443,-0.775081,0.169468,0.608712),fov=67.329056,dt=0.022950},
	{cf=CFrame.new(4.706360,-1.703682,10.953125,0.639965,0.214182,0.737950,-0.006981,0.961949,-0.273141,-0.768372,0.169649,0.617109),fov=67.200851,dt=0.017213},
	{cf=CFrame.new(4.715210,-1.699238,11.065674,0.648383,0.209697,0.731865,-0.006960,0.962910,-0.269731,-0.761283,0.169795,0.625794),fov=67.051285,dt=0.020192},
	{cf=CFrame.new(4.723328,-1.688635,11.199097,0.658275,0.203933,0.724628,-0.006897,0.964199,-0.265091,-0.752746,0.169504,0.636114),fov=66.858971,dt=0.024147},
	{cf=CFrame.new(4.728943,-1.664711,11.333130,0.668090,0.196988,0.717531,-0.006895,0.965917,-0.258759,-0.744048,0.167926,0.646678),fov=66.623932,dt=0.029166},
	{cf=CFrame.new(4.731628,-1.646664,11.431030,0.675088,0.191919,0.712337,-0.006812,0.967150,-0.254115,-0.737706,0.166698,0.654218),fov=66.452988,dt=0.023251},
	{cf=CFrame.new(4.732422,-1.605213,11.536987,0.682621,0.184495,0.707099,-0.006766,0.969160,-0.246339,-0.730741,0.163372,0.662818),fov=66.196579,dt=0.033131},
	{cf=CFrame.new(4.732239,-1.582804,11.585815,0.686109,0.180795,0.704675,-0.006779,0.970175,-0.242312,-0.727467,0.161476,0.666872),fov=66.068367,dt=0.017994},
	{cf=CFrame.new(4.726135,-1.553038,11.650391,0.690984,0.176038,0.701108,-0.006822,0.971439,-0.237191,-0.722838,0.159112,0.672450),fov=65.897438,dt=0.020694},
	{cf=CFrame.new(4.716492,-1.519287,11.722534,0.696518,0.170743,0.696929,-0.006792,0.972801,-0.231542,-0.717507,0.156540,0.678733),fov=65.705139,dt=0.026523},
	{cf=CFrame.new(4.697754,-1.470230,11.826172,0.704700,0.163109,0.690503,-0.006700,0.974703,-0.223404,-0.709474,0.152806,0.687966),fov=65.427345,dt=0.035246},
	{cf=CFrame.new(4.676147,-1.432604,11.905029,0.711221,0.157456,0.685108,-0.006703,0.976067,-0.217368,-0.702937,0.150004,0.695254),fov=65.213676,dt=0.028415},
	{cf=CFrame.new(4.662720,-1.409859,11.952026,0.715097,0.154080,0.681832,-0.006640,0.976858,-0.213786,-0.698994,0.148351,0.699571),fov=65.085472,dt=0.015673},
	{cf=CFrame.new(16.525330,-2.131210,12.873657,0.250923,0.114579,0.961202,-0.068192,0.992595,-0.100519,-0.965602,-0.040324,0.256878),fov=40.000000,dt=0.027896},
	{cf=CFrame.new(16.607727,-1.972595,12.869629,0.261987,0.106790,0.959145,-0.071599,0.993271,-0.091033,-0.962412,-0.044824,0.267870),fov=40.000000,dt=0.025277},
	{cf=CFrame.new(16.177368,-1.819130,12.652832,0.265164,0.107406,0.958202,-0.070518,0.993275,-0.091822,-0.961621,-0.043223,0.270955),fov=40.000000,dt=0.016368},
	{cf=CFrame.new(16.422180,-2.109222,12.738525,0.253242,0.121299,0.959768,-0.072702,0.991689,-0.106150,-0.964667,-0.042895,0.259956),fov=40.000000,dt=0.054958},
	{cf=CFrame.new(16.462524,-2.095995,12.602661,0.246699,0.114400,0.962316,-0.068199,0.992595,-0.100516,-0.966689,-0.040831,0.252675),fov=40.000000,dt=0.077665},
	{cf=CFrame.new(16.332458,-1.969118,12.613892,0.242430,0.119488,0.962783,-0.069045,0.991995,-0.105728,-0.967709,-0.040843,0.248739),fov=40.000000,dt=0.120701},
	{cf=CFrame.new(16.420593,-2.295507,12.947388,0.249386,0.125669,0.960216,-0.084559,0.990583,-0.107681,-0.964706,-0.054340,0.257664),fov=40.000000,dt=0.092732},
	{cf=CFrame.new(16.517273,-2.046753,12.656250,0.240645,0.116163,0.963637,-0.069253,0.992337,-0.102329,-0.968140,-0.042109,0.246845),fov=40.000000,dt=0.069048},
	{cf=CFrame.new(16.410522,-1.748606,12.623291,0.247301,0.107806,0.962923,-0.063391,0.993462,-0.094945,-0.966863,-0.037561,0.252518),fov=40.000000,dt=0.065151},
	{cf=CFrame.new(16.427002,-2.093809,12.615112,0.239118,0.111780,0.964535,-0.059381,0.993176,-0.100378,-0.969173,-0.033272,0.244124),fov=40.000000,dt=0.030177},
	{cf=CFrame.new(16.507324,-1.915668,12.461548,0.228284,0.108516,0.967528,-0.060011,0.993448,-0.097264,-0.971743,-0.035858,0.233300),fov=40.000000,dt=0.069526},
	{cf=CFrame.new(16.498352,-1.843830,12.692505,0.234483,0.113401,0.965483,-0.067352,0.992681,-0.100238,-0.969784,-0.041524,0.240405),fov=40.000000,dt=0.025479},
	{cf=CFrame.new(16.537292,-1.821461,12.383545,0.238839,0.110421,0.964761,-0.069167,0.992925,-0.096521,-0.968593,-0.043677,0.244787),fov=40.000000,dt=0.066911},
	{cf=CFrame.new(16.221497,-1.646244,12.734375,0.244653,0.109309,0.963430,-0.076570,0.992700,-0.093186,-0.966583,-0.050972,0.251237),fov=40.000000,dt=0.034419},
	{cf=CFrame.new(16.590210,-2.106697,12.500977,0.224494,0.116340,0.967506,-0.061635,0.992555,-0.105051,-0.972524,-0.036048,0.229994),fov=40.000000,dt=0.095482},
	{cf=CFrame.new(16.672241,-2.005274,12.708496,0.230556,0.118070,0.965869,-0.065086,0.992259,-0.105760,-0.970880,-0.038481,0.236456),fov=40.000000,dt=0.045842},
	{cf=CFrame.new(16.564514,-1.994602,12.594482,0.227969,0.113644,0.967014,-0.068256,0.992587,-0.100558,-0.971273,-0.043081,0.234036),fov=40.000000,dt=0.053530},
	{cf=CFrame.new(16.992676,-2.128979,12.411621,0.220007,0.115576,0.968627,-0.069102,0.992309,-0.102706,-0.973048,-0.044337,0.226302),fov=40.000000,dt=0.086758},
	{cf=CFrame.new(16.526733,-2.423512,12.543091,0.215458,0.128797,0.967982,-0.076106,0.990463,-0.114848,-0.973543,-0.048924,0.223205),fov=40.000000,dt=0.075776},
	{cf=CFrame.new(16.526855,-2.093760,12.426636,0.220366,0.123137,0.967614,-0.074775,0.991213,-0.109111,-0.972547,-0.048309,0.227637),fov=40.000000,dt=0.025496},
	{cf=CFrame.new(16.497986,-2.016031,12.476318,0.222610,0.113431,0.968286,-0.068207,0.992586,-0.100597,-0.972519,-0.043650,0.228696),fov=40.000000,dt=0.031522},
	{cf=CFrame.new(16.739502,-1.944008,12.389282,0.217921,0.116343,0.969007,-0.075732,0.991891,-0.102059,-0.973024,-0.051144,0.224965),fov=40.000000,dt=0.053035},
	{cf=CFrame.new(16.491455,-1.760061,12.543945,0.224689,0.099023,0.969386,-0.055626,0.994504,-0.088695,-0.972841,-0.033994,0.228963),fov=40.000000,dt=0.053892},
	{cf=CFrame.new(16.740295,-1.998142,12.834961,0.233335,0.118801,0.965112,-0.064423,0.992217,-0.106562,-0.970260,-0.037311,0.239173),fov=40.000000,dt=0.076753},
	{cf=CFrame.new(16.539978,-1.942287,12.545654,0.216371,0.113089,0.969739,-0.068220,0.992592,-0.100533,-0.973925,-0.044404,0.222484),fov=40.000000,dt=0.071423},
	{cf=CFrame.new(16.626038,-2.060211,12.519775,0.215080,0.113060,0.970030,-0.068154,0.992592,-0.100578,-0.974215,-0.044479,0.221192),fov=40.000000,dt=0.050589},
	{cf=CFrame.new(16.661865,-2.015493,12.392944,0.199588,0.101460,0.974613,-0.087328,0.992509,-0.085440,-0.975981,-0.068058,0.206954),fov=40.000000,dt=0.046621},
	{cf=CFrame.new(16.349854,-1.861925,12.104248,0.185409,0.107623,0.976750,-0.057668,0.993463,-0.098518,-0.980968,-0.038061,0.190404),fov=40.000000,dt=0.041884},
	{cf=CFrame.new(16.846558,-2.507622,12.220459,0.194940,0.127615,0.972478,-0.047320,0.991569,-0.120635,-0.979673,-0.022501,0.199335),fov=40.000000,dt=0.036079},
	{cf=CFrame.new(16.956055,-1.934231,12.111450,0.198423,0.094107,0.975588,-0.059021,0.994721,-0.083949,-0.978338,-0.040923,0.202930),fov=40.000000,dt=0.030627},
	{cf=CFrame.new(16.410095,-2.523134,12.094116,0.195216,0.128487,0.972307,-0.061452,0.991036,-0.118624,-0.978833,-0.036593,0.201362),fov=40.000000,dt=0.066470},
	{cf=CFrame.new(16.608154,-1.884140,12.732056,0.218018,0.108788,0.969862,-0.066319,0.993122,-0.096489,-0.973689,-0.043284,0.223733),fov=40.000000,dt=0.068732},
	{cf=CFrame.new(16.856506,-1.950514,12.657471,0.198444,0.113454,0.973524,-0.081371,0.991756,-0.098992,-0.976729,-0.059572,0.206040),fov=40.000000,dt=0.046101},
	{cf=CFrame.new(16.399841,-1.921013,12.553345,0.210328,0.121472,0.970055,-0.076035,0.991278,-0.107644,-0.974670,-0.051117,0.217729),fov=40.000000,dt=0.050535},
	{cf=CFrame.new(16.622559,-2.054548,12.639282,0.211409,0.118223,0.970221,-0.076694,0.991604,-0.104117,-0.974384,-0.052399,0.218701),fov=40.000000,dt=0.036289},
	{cf=CFrame.new(16.641174,-1.677044,12.435059,0.196837,0.099086,0.975416,-0.069438,0.993791,-0.086940,-0.977974,-0.050618,0.202495),fov=40.000000,dt=0.042639},
	{cf=CFrame.new(16.674500,-1.992157,12.491943,0.201204,0.112398,0.973079,-0.068181,0.992593,-0.100554,-0.977174,-0.046113,0.207377),fov=40.000000,dt=0.097919},
	{cf=CFrame.new(16.679199,-1.992157,12.486816,0.199890,0.112380,0.973352,-0.068234,0.992586,-0.100587,-0.977440,-0.046310,0.206076),fov=40.000000,dt=0.053722},
	{cf=CFrame.new(16.680908,-1.992157,12.484985,0.199455,0.112369,0.973443,-0.068212,0.992586,-0.100603,-0.977530,-0.046335,0.205641),fov=40.000000,dt=0.018394},
	{cf=CFrame.new(16.683167,-1.992157,12.482544,0.198802,0.112300,0.973584,-0.068233,0.992589,-0.100559,-0.977661,-0.046439,0.204991),fov=40.000000,dt=0.026466},
	{cf=CFrame.new(16.685791,-1.992157,12.479614,0.198040,0.112281,0.973742,-0.068194,0.992589,-0.100585,-0.977819,-0.046483,0.204230),fov=40.000000,dt=0.030050},
	{cf=CFrame.new(16.661011,-1.954769,12.358032,0.184504,0.109749,0.976685,-0.054271,0.993367,-0.101371,-0.981332,-0.034302,0.189237),fov=40.000000,dt=0.105440},
	{cf=CFrame.new(16.795349,-2.212250,12.441406,0.193888,0.112085,0.974600,-0.068210,0.992588,-0.100584,-0.978649,-0.046976,0.200097),fov=40.000000,dt=0.068097},
	{cf=CFrame.new(16.806091,-2.097157,12.396851,0.193343,0.112072,0.974709,-0.068182,0.992588,-0.100603,-0.978759,-0.047007,0.199551),fov=40.000000,dt=0.022540},
	{cf=CFrame.new(16.734924,-2.101427,12.366699,0.192250,0.111991,0.974935,-0.068181,0.992591,-0.100575,-0.978975,-0.047136,0.198462),fov=40.000000,dt=0.041654},
	{cf=CFrame.new(17.060303,-1.471350,12.057495,0.174348,0.098351,0.979760,-0.071496,0.993638,-0.087021,-0.982085,-0.054877,0.180271),fov=40.000000,dt=0.084450},
	{cf=CFrame.new(16.687683,-1.798250,12.607910,0.201095,0.111326,0.973225,-0.076352,0.992280,-0.097729,-0.976592,-0.054655,0.208043),fov=40.000000,dt=0.037191},
	{cf=CFrame.new(16.843201,-2.050314,12.291748,0.181708,0.110166,0.977162,-0.055918,0.993254,-0.101582,-0.981761,-0.036183,0.186643),fov=40.000000,dt=0.033783},
	{cf=CFrame.new(16.748718,-2.377787,12.340820,0.183244,0.126705,0.974868,-0.070943,0.990778,-0.115438,-0.980504,-0.048007,0.190543),fov=40.000000,dt=0.044593},
	{cf=CFrame.new(16.794495,-2.191122,12.311523,0.178291,0.122526,0.976320,-0.078713,0.990813,-0.109970,-0.980824,-0.057243,0.186298),fov=40.000000,dt=0.106303},
	{cf=CFrame.new(16.903198,-2.079813,12.428833,0.188287,0.104393,0.976550,-0.062311,0.993601,-0.094202,-0.980135,-0.043113,0.193587),fov=40.000000,dt=0.048653},
	{cf=CFrame.new(16.831116,-1.855223,12.395386,0.179294,0.101262,0.978570,-0.069201,0.993523,-0.090131,-0.981359,-0.051558,0.185141),fov=40.000000,dt=0.025256},
	{cf=CFrame.new(16.484558,-1.899618,12.665771,0.193296,0.111404,0.974795,-0.072323,0.992448,-0.099080,-0.978471,-0.051348,0.199894),fov=40.000000,dt=0.030026},
	{cf=CFrame.new(16.809204,-1.907610,12.339722,0.175553,0.101060,0.979269,-0.061181,0.993914,-0.091603,-0.982567,-0.043831,0.180668),fov=40.000000,dt=0.060457},
	{cf=CFrame.new(11.639282,-1.125528,8.840698,0.133987,0.069699,0.988529,-0.021013,0.997499,-0.067483,-0.990760,-0.011730,0.135117),fov=70.000000,dt=0.037474},
	{cf=CFrame.new(8.883789,-1.132862,9.401001,0.223336,0.067777,0.972383,-0.005098,0.997647,-0.068367,-0.974728,0.010311,0.223156),fov=70.000000,dt=0.029910},
	{cf=CFrame.new(8.850830,-1.071791,8.098877,0.170814,0.022583,0.985045,-0.012025,0.999711,-0.020835,-0.985230,-0.008286,0.171036),fov=70.000000,dt=0.031447},
	{cf=CFrame.new(9.891357,0.015192,6.933838,0.157639,-0.002021,0.987495,-0.015681,0.999867,0.004550,-0.987372,-0.016202,0.157586),fov=70.000000,dt=0.042105},
	{cf=CFrame.new(9.674255,-0.728189,6.588257,0.137631,0.012130,0.990409,-0.026411,0.999614,-0.008572,-0.990132,-0.024978,0.137898),fov=70.000000,dt=0.020021},
	{cf=CFrame.new(9.719116,-0.568821,4.909912,0.070228,0.034991,0.996917,0.023629,0.999046,-0.036730,-0.997251,0.026136,0.069334),fov=70.000000,dt=0.055612},
	{cf=CFrame.new(9.966980,-0.792759,4.430542,0.049749,0.016143,0.998631,-0.009122,0.999835,-0.015708,-0.998720,-0.008329,0.049888),fov=70.000000,dt=0.034745},
	{cf=CFrame.new(10.130310,-0.638117,4.143921,0.037283,0.020461,0.999095,0.001937,0.999787,-0.020548,-0.999303,0.002701,0.037236),fov=70.000000,dt=0.038435},
	{cf=CFrame.new(10.151001,-0.394238,3.877808,0.038923,0.005383,0.999228,0.005508,0.999969,-0.005602,-0.999227,0.005721,0.038892),fov=70.000000,dt=0.033363},
	{cf=CFrame.new(10.250793,-0.489559,3.625854,0.024252,0.008714,0.999668,0.001054,0.999961,-0.008742,-0.999705,0.001265,0.024242),fov=70.000000,dt=0.037508},
	{cf=CFrame.new(10.310852,-0.474894,3.444946,0.017011,0.006158,0.999836,0.000741,0.999981,-0.006171,-0.999855,0.000846,0.017006),fov=70.000000,dt=0.030306},
	{cf=CFrame.new(10.343994,-0.458063,3.322266,0.012409,0.004452,0.999913,0.000522,0.999990,-0.004459,-0.999923,0.000577,0.012407),fov=70.000000,dt=0.021117},
	{cf=CFrame.new(10.386536,-0.436356,3.156250,0.006580,0.002379,0.999976,0.000297,0.999997,-0.002382,-0.999978,0.000313,0.006579),fov=70.000000,dt=0.041860},
	{cf=CFrame.new(10.395935,-0.431538,3.113037,0.005242,0.001831,0.999985,0.000239,0.999998,-0.001832,-0.999986,0.000249,0.005241),fov=70.000000,dt=0.021136},
	{cf=CFrame.new(10.406616,-0.426117,3.064453,0.003781,0.001404,0.999992,0.000180,0.999999,-0.001404,-0.999993,0.000186,0.003780),fov=70.000000,dt=0.023959},
	{cf=CFrame.new(10.419617,-0.419491,3.005005,0.001952,0.000732,0.999998,0.000121,1.000000,-0.000733,-0.999998,0.000123,0.001952),fov=70.000000,dt=0.031182},
	{cf=CFrame.new(10.433777,-0.412264,2.940308,-0.000000,0.000000,1.000000,0.000000,1.000000,-0.000000,-1.000000,-0.000000,-0.000000),fov=70.000000,dt=0.035050},
	{cf=CFrame.new(1.514954,0.027704,31.191040,-0.795527,0.121660,0.593579,0.005337,0.981004,-0.193914,-0.605895,-0.151096,-0.781065),fov=70.000000,dt=0.027230},
	{cf=CFrame.new(1.158569,0.243124,30.658813,-0.868544,0.083054,0.488604,0.021036,0.991148,-0.131085,-0.495166,-0.103575,-0.862602),fov=70.000000,dt=0.046745},
	{cf=CFrame.new(1.022827,0.336695,30.039917,-0.889568,0.071171,0.451224,0.028061,0.994437,-0.101530,-0.455940,-0.077656,-0.886616),fov=70.000000,dt=0.037722},
	{cf=CFrame.new(0.995361,0.408808,29.514282,-0.896604,0.061618,0.438526,0.031129,0.996592,-0.076387,-0.441738,-0.054838,-0.895466),fov=70.000000,dt=0.029563},
	{cf=CFrame.new(1.123169,0.498764,28.781006,-0.886705,0.047697,0.459869,0.031772,0.998599,-0.042312,-0.461243,-0.022907,-0.886978),fov=70.000000,dt=0.025686},
	{cf=CFrame.new(1.210754,0.560572,28.269775,-0.879528,0.037408,0.474374,0.032549,0.999300,-0.018455,-0.474732,-0.000791,-0.880130),fov=70.000000,dt=0.020881},
	{cf=CFrame.new(1.366455,0.614693,27.505859,-0.838008,0.025381,0.545068,0.031220,0.999511,0.001457,-0.544765,0.018238,-0.838391),fov=70.000000,dt=0.027458},
	{cf=CFrame.new(1.533936,0.648214,26.751099,-0.765916,0.014284,0.642782,0.028865,0.999509,0.012183,-0.642293,0.027885,-0.765953),fov=70.000000,dt=0.027034},
	{cf=CFrame.new(1.657959,0.676115,26.171875,-0.700067,0.004683,0.714062,0.027943,0.999392,0.020841,-0.713531,0.034544,-0.699772),fov=70.000000,dt=0.024440},
	{cf=CFrame.new(1.796997,0.671677,25.786133,-0.608913,-0.000884,0.793236,0.027359,0.999381,0.022116,-0.792765,0.035169,-0.608512),fov=70.000000,dt=0.022143},
	{cf=CFrame.new(1.921326,0.666895,25.380981,-0.495829,-0.007179,0.868390,0.026884,0.999360,0.023612,-0.868004,0.035054,-0.495319),fov=70.000000,dt=0.024102},
	{cf=CFrame.new(2.012817,0.606060,24.296631,-0.348877,-0.003146,0.937163,0.023844,0.999641,0.012232,-0.936865,0.026613,-0.348676),fov=70.000000,dt=0.021398},
	{cf=CFrame.new(2.035461,0.548054,23.265991,-0.207570,0.002729,0.978216,0.019137,0.999816,0.001272,-0.978033,0.018984,-0.207584),fov=70.000000,dt=0.020551},
	{cf=CFrame.new(2.102783,0.508575,21.335693,-0.097461,0.004054,0.995231,0.005794,0.999977,-0.003506,-0.995223,0.005424,-0.097482),fov=70.000000,dt=0.024110},
	{cf=CFrame.new(2.195129,0.515463,19.482910,-0.055320,-0.002169,0.998466,0.016340,0.999862,0.003078,-0.998335,0.016485,-0.055277),fov=70.000000,dt=0.021128},
	{cf=CFrame.new(2.274780,0.492157,17.313232,-0.011979,0.001380,0.999927,0.026495,0.999648,-0.001062,-0.999577,0.026481,-0.012011),fov=70.000000,dt=0.026150},
	{cf=CFrame.new(2.276489,0.456074,15.977539,0.009351,0.012017,0.999884,0.001592,0.999926,-0.012032,-0.999955,0.001704,0.009331),fov=70.000000,dt=0.026292},
	{cf=CFrame.new(2.277832,0.471189,14.361572,-0.006809,0.005555,0.999961,0.017963,0.999824,-0.005432,-0.999815,0.017926,-0.006908),fov=70.000000,dt=0.026126},
	{cf=CFrame.new(2.288513,0.451511,12.545410,0.033762,0.008487,0.999394,0.014072,0.999861,-0.008967,-0.999331,0.014367,0.033638),fov=70.000000,dt=0.025404},
	{cf=CFrame.new(2.269287,0.500938,10.408813,0.065923,-0.007273,0.997798,0.030158,0.999531,0.005293,-0.997369,0.029743,0.066111),fov=70.000000,dt=0.029168},
	{cf=CFrame.new(1.992554,0.505161,7.961304,0.315943,0.011520,0.948708,0.013621,0.999768,-0.016676,-0.948681,0.018191,0.315713),fov=70.000000,dt=0.025119},
	{cf=CFrame.new(1.642395,0.614468,5.081177,0.440340,0.000745,0.897831,0.010854,0.999922,-0.006153,-0.897766,0.012454,0.440297),fov=70.000000,dt=0.021801},
	{cf=CFrame.new(1.559814,0.331259,0.860229,0.366626,0.007218,0.930340,0.021345,0.999641,-0.016167,-0.930124,0.025785,0.366341),fov=70.000000,dt=0.026853},
	{cf=CFrame.new(2.020569,0.135128,0.974854,0.443220,0.092183,0.891661,0.063108,0.989022,-0.133617,-0.894189,0.115493,0.432536),fov=70.000000,dt=0.032276},
	{cf=CFrame.new(1.980896,-0.381809,1.249756,0.450022,0.138997,0.882134,0.023348,0.985644,-0.167217,-0.892712,0.095847,0.440316),fov=70.000000,dt=0.013635},
	{cf=CFrame.new(2.045105,-0.319340,1.315796,0.514335,0.097053,0.852080,0.017761,0.992157,-0.123728,-0.857406,0.078772,0.508577),fov=70.000000,dt=0.057441},
	{cf=CFrame.new(2.022705,0.182608,1.098999,0.509402,0.104059,0.854214,0.022090,0.990753,-0.133865,-0.860245,0.087061,0.502393),fov=70.000000,dt=0.015027},
	{cf=CFrame.new(1.881409,0.051517,1.006348,0.510685,0.110590,0.852626,0.011662,0.990711,-0.135486,-0.859689,0.079134,0.504652),fov=70.000000,dt=0.022510},
	{cf=CFrame.new(1.906738,0.182919,1.068726,0.527215,0.091767,0.844763,0.020866,0.992454,-0.120833,-0.849476,0.081332,0.521321),fov=70.000000,dt=0.022844},
	{cf=CFrame.new(1.911865,0.373697,1.280518,0.528569,0.104180,0.842473,0.017618,0.990881,-0.133585,-0.848707,0.085452,0.521913),fov=70.000000,dt=0.021944},
	{cf=CFrame.new(1.960571,0.110088,1.131470,0.546742,0.084299,0.833047,0.035233,0.991721,-0.123480,-0.836559,0.096863,0.539246),fov=70.000000,dt=0.022642},
	{cf=CFrame.new(2.237549,-0.091959,1.091309,0.535616,0.108479,0.837465,0.026296,0.989091,-0.144937,-0.844052,0.099652,0.526921),fov=70.000000,dt=0.019557},
	{cf=CFrame.new(2.122131,0.024920,1.183105,0.551138,0.101126,0.828263,0.019695,0.990776,-0.134073,-0.834182,0.090205,0.544063),fov=70.000000,dt=0.020223},
	{cf=CFrame.new(1.394287,1.744007,5.924805,0.979293,0.055868,0.194585,-0.111998,0.950192,0.290845,-0.168644,-0.306616,0.936774),fov=60.392166,dt=0.029708},
	{cf=CFrame.new(0.896423,1.577057,6.711792,0.986256,0.016128,0.164437,-0.061373,0.959779,0.273968,-0.153404,-0.280295,0.947577),fov=63.137257,dt=0.019960},
	{cf=CFrame.new(1.585876,1.573128,7.411743,0.983375,0.034456,0.178288,-0.078919,0.965355,0.248720,-0.163542,-0.258655,0.952025),fov=66.013069,dt=0.033096},
	{cf=CFrame.new(1.527649,1.520967,7.253906,0.979603,0.042886,0.196312,-0.089558,0.967743,0.235486,-0.179881,-0.248264,0.951844),fov=67.483665,dt=0.025686},
	{cf=CFrame.new(1.520264,2.232317,7.705566,0.982797,0.010835,0.184371,-0.064967,0.954759,0.290198,-0.172885,-0.297184,0.939038),fov=67.990211,dt=0.020610},
	{cf=CFrame.new(1.432068,2.092491,7.789795,0.984647,0.018216,0.173602,-0.069660,0.952919,0.295114,-0.160053,-0.302676,0.939559),fov=68.676476,dt=0.039345},
	{cf=CFrame.new(1.627808,2.182093,7.921753,0.983915,0.018398,0.177688,-0.067886,0.958567,0.276659,-0.165236,-0.284272,0.944398),fov=68.970596,dt=0.024396},
	{cf=CFrame.new(1.143799,1.918070,7.651855,0.984063,0.004181,0.177771,-0.056684,0.954945,0.291319,-0.168544,-0.296753,0.939963),fov=69.215683,dt=0.028727},
	{cf=CFrame.new(1.518188,2.114506,7.862305,0.982513,0.003110,0.186167,-0.057410,0.956204,0.287014,-0.177121,-0.292683,0.939662),fov=69.460793,dt=0.028168},
	{cf=CFrame.new(1.595825,2.187103,7.900269,0.982822,-0.001746,0.184545,-0.054070,0.953352,0.296979,-0.176455,-0.301856,0.936881),fov=69.779411,dt=0.036398},
	{cf=CFrame.new(1.513794,2.113876,7.899902,0.982649,-0.000013,0.185474,-0.054577,0.955706,0.289217,-0.177262,-0.294322,0.939123),fov=70.000000,dt=0.028166},
	{cf=CFrame.new(-0.062622,8.145700,-0.042236,-0.000000,-1.000000,0.000000,0.000000,-0.000000,1.000000,-1.000000,-0.000000,-0.000000),fov=55.130207,dt=0.025697},
	{cf=CFrame.new(-0.084167,8.145870,-0.063843,-0.000000,-1.000000,0.000000,0.000000,-0.000000,1.000000,-1.000000,-0.000000,-0.000000),fov=55.494793,dt=0.038856},
	{cf=CFrame.new(-0.063232,8.116318,-0.042847,-0.000000,-1.000000,0.000000,0.000000,-0.000000,1.000000,-1.000000,-0.000000,-0.000000),fov=55.677082,dt=0.021693},
	{cf=CFrame.new(-0.033630,8.087172,-0.013428,-0.000000,-1.000000,-0.000000,-0.000000,0.000000,1.000000,-1.000000,-0.000000,0.000000),fov=55.885418,dt=0.019590},
	{cf=CFrame.new(-0.020264,8.073067,0.000000,-0.000000,-1.000000,-0.000000,-0.000000,0.000000,1.000000,-1.000000,-0.000000,0.000000),fov=56.145832,dt=0.030080},
	{cf=CFrame.new(-0.020264,8.073067,0.000000,-0.000000,-1.000000,-0.000000,-0.000000,0.000000,1.000000,-1.000000,-0.000000,0.000000),fov=56.354168,dt=0.022395},
	{cf=CFrame.new(-0.020264,8.073067,0.000000,-0.000000,-1.000000,0.000000,0.000000,-0.000000,1.000000,-1.000000,-0.000000,-0.000000),fov=56.562500,dt=0.021175},
	{cf=CFrame.new(-0.020264,8.073067,0.000000,-0.000000,-1.000000,0.000000,0.000000,-0.000000,1.000000,-1.000000,-0.000000,-0.000000),fov=56.654686,dt=0.017835},
	{cf=CFrame.new(-0.020264,8.073067,0.000000,-0.000000,-1.000000,-0.000000,-0.000000,0.000000,1.000000,-1.000000,-0.000000,0.000000),fov=56.762245,dt=0.019435},
	{cf=CFrame.new(-0.020264,8.073067,0.000000,-0.000000,-1.000000,-0.000000,0.000000,0.000000,1.000000,-1.000000,-0.000000,-0.000000),fov=56.900517,dt=0.023073},
	{cf=CFrame.new(-0.020264,8.073067,0.000000,-0.000000,-1.000000,-0.000000,-0.000000,0.000000,1.000000,-1.000000,-0.000000,0.000000),fov=57.054165,dt=0.027423},
	{cf=CFrame.new(-0.036743,8.000805,0.057495,-0.010586,-0.999933,0.004639,0.001262,0.004626,0.999988,-0.999943,0.010592,0.001212),fov=57.091667,dt=0.022660},
	{cf=CFrame.new(-0.107300,7.995680,-0.013428,-0.019674,-0.999807,0.000313,-0.002579,0.000364,0.999997,-0.999803,0.019673,-0.002586),fov=57.031773,dt=0.028194},
	{cf=CFrame.new(0.357666,8.348377,-0.109497,-0.004843,-0.999977,0.004739,0.012740,0.004677,0.999908,-0.999907,0.004903,0.012717),fov=56.935936,dt=0.044814},
	{cf=CFrame.new(-0.546082,7.998854,0.092041,-0.008959,-0.999942,-0.005952,0.009680,-0.006038,0.999935,-0.999913,0.008901,0.009734),fov=56.787178,dt=0.021496},
	{cf=CFrame.new(0.265503,7.944698,0.057373,-0.017099,-0.999824,-0.007760,0.001318,-0.007783,0.999969,-0.999853,0.017089,0.001451),fov=56.223076,dt=0.027067},
	{cf=CFrame.new(-0.083374,8.045504,-0.076660,-0.021040,-0.999733,-0.009547,0.006406,-0.009683,0.999933,-0.999758,0.020977,0.006609),fov=55.602566,dt=0.031863},
	{cf=CFrame.new(0.072205,8.103647,-0.072998,-0.024243,-0.999705,0.001185,0.011919,0.000896,0.999929,-0.999635,0.024256,0.011894),fov=55.094872,dt=0.023633},
	{cf=CFrame.new(-0.059082,8.157991,-0.063354,-0.026402,-0.999623,0.007551,0.012563,0.007221,0.999895,-0.999572,0.026494,0.012368),fov=54.756409,dt=0.018421},
	{cf=CFrame.new(0.123657,7.942518,-0.074707,-0.029917,-0.999538,0.005442,0.011816,0.005091,0.999917,-0.999483,0.029979,0.011658),fov=54.192307,dt=0.028641},
	{cf=CFrame.new(-0.040466,8.208874,-0.054321,-0.032434,-0.999474,-0.000853,0.009800,-0.001172,0.999951,-0.999426,0.032424,0.009833),fov=53.797436,dt=0.017953},
	{cf=CFrame.new(0.025085,8.189466,-0.006592,-0.036101,-0.999348,-0.000095,0.000885,-0.000127,1.000000,-0.999348,0.036101,0.000889),fov=53.233334,dt=0.028025},
	{cf=CFrame.new(-0.023987,8.069359,0.000366,-0.093938,-0.995578,-0.000036,0.000036,-0.000039,1.000000,-0.995578,0.093938,0.000039),fov=52.782047,dt=0.022671},
	{cf=CFrame.new(-0.104858,7.883232,-0.059937,-0.167483,-0.985875,0.000008,-0.000008,0.000009,1.000000,-0.985875,0.167483,-0.000010),fov=52.583332,dt=0.024170},
	{cf=CFrame.new(-0.082520,7.741508,-0.576416,-0.224135,-0.974555,0.002459,0.002125,0.002035,0.999996,-0.974556,0.224139,0.001615),fov=52.854168,dt=0.036484},
	{cf=CFrame.new(-0.366882,8.056309,0.045654,-0.203396,-0.979051,-0.009454,0.009738,-0.011678,0.999884,-0.979048,0.203281,0.011910),fov=53.104168,dt=0.032563},
	{cf=CFrame.new(0.215637,8.341263,-0.072754,-0.176511,-0.984205,-0.013574,0.008611,-0.015334,0.999845,-0.984261,0.176367,0.011182),fov=53.270832,dt=0.023961},
	{cf=CFrame.new(0.004639,7.961967,0.109253,-0.156339,-0.987682,-0.006476,0.004155,-0.007214,0.999965,-0.987695,0.156307,0.005232),fov=53.541668,dt=0.034058},
	{cf=CFrame.new(0.023376,8.046772,0.038208,-0.118902,-0.992827,-0.012513,0.007948,-0.013553,0.999877,-0.992874,0.118788,0.009502),fov=53.812500,dt=0.036806},
	{cf=CFrame.new(-0.112244,7.941353,-0.075806,-0.081065,-0.996666,0.009186,0.010829,0.008335,0.999907,-0.996650,0.081157,0.010117),fov=54.104168,dt=0.039511},
	{cf=CFrame.new(-0.054688,8.249626,-0.034546,-0.065939,-0.997743,0.012667,-0.005003,0.013025,0.999903,-0.997811,0.065869,-0.005850),fov=54.375004,dt=0.036715},
	{cf=CFrame.new(-0.075684,8.135780,-0.040161,-0.039065,-0.999237,0.000054,-0.000054,0.000056,1.000000,-0.999237,0.039065,-0.000056),fov=54.624996,dt=0.031603},
	{cf=CFrame.new(0.004211,8.044601,0.026245,-0.019504,-0.999810,0.000003,-0.000003,0.000003,1.000000,-0.999810,0.019504,-0.000003),fov=54.812500,dt=0.026645},
	{cf=CFrame.new(-0.000061,8.033535,0.038208,0.000000,-1.000000,0.000000,-0.000000,-0.000000,1.000000,-1.000000,0.000000,0.000000),fov=55.000000,dt=0.026727},
	{cf=CFrame.new(2.678345,0.929539,2.376099,0.735703,0.037866,0.676245,-0.001041,0.998498,-0.054778,-0.677304,0.039596,0.734637),fov=40.131580,dt=0.022168},
	{cf=CFrame.new(2.695557,0.981489,2.201782,0.727236,0.037204,0.685379,-0.006425,0.998855,-0.047403,-0.686358,0.030070,0.726642),fov=40.789474,dt=0.040751},
	{cf=CFrame.new(2.691284,0.994101,2.155029,0.724984,0.036999,0.687771,-0.007885,0.998937,-0.045426,-0.688720,0.027510,0.724505),fov=40.964912,dt=0.012911},
	{cf=CFrame.new(2.682251,1.019127,2.062012,0.720388,0.036565,0.692607,-0.010823,0.999080,-0.041487,-0.693487,0.022391,0.720121),fov=41.315788,dt=0.020527},
	{cf=CFrame.new(2.668762,1.052929,1.934570,0.714112,0.035832,0.699113,-0.014828,0.999239,-0.036069,-0.699874,0.015391,0.714100),fov=41.798244,dt=0.030668},
	{cf=CFrame.new(2.656921,1.080097,1.830444,0.708892,0.035219,0.704437,-0.018238,0.999334,-0.031610,-0.705081,0.009560,0.709062),fov=42.192982,dt=0.025269},
	{cf=CFrame.new(2.642944,1.109798,1.715088,0.703089,0.034412,0.710269,-0.021983,0.999403,-0.026660,-0.710762,0.003131,0.703426),fov=42.631580,dt=0.027475},
	{cf=CFrame.new(2.631042,1.133129,1.623047,0.698445,0.033707,0.714870,-0.024999,0.999430,-0.022699,-0.715227,-0.002017,0.698889),fov=42.982456,dt=0.023135},
	{cf=CFrame.new(2.616943,1.158985,1.519897,0.693147,0.032967,0.720042,-0.028508,0.999426,-0.018315,-0.720233,-0.007831,0.693688),fov=43.377197,dt=0.024434},
	{cf=CFrame.new(2.605591,1.178797,1.439697,0.689041,0.032241,0.724004,-0.031221,0.999403,-0.014792,-0.724049,-0.012412,0.689637),fov=43.684212,dt=0.020088},
	{cf=CFrame.new(2.588379,1.206587,1.325684,0.683176,0.031224,0.729586,-0.035137,0.999334,-0.009867,-0.729408,-0.018895,0.683818),fov=44.122807,dt=0.026467},
	{cf=CFrame.new(2.574097,1.228460,1.234741,0.678446,0.030265,0.734026,-0.038217,0.999252,-0.005877,-0.733655,-0.024065,0.679096),fov=44.473682,dt=0.023283},
	{cf=CFrame.new(2.559204,1.249937,1.143921,0.673678,0.029350,0.738442,-0.041401,0.999141,-0.001942,-0.737865,-0.029264,0.674314),fov=44.824566,dt=0.023686},
	{cf=CFrame.new(2.591736,0.288822,-1.013184,0.526065,0.009319,0.850393,-0.018731,0.999824,0.000630,-0.850238,-0.016260,0.526147),fov=49.166672,dt=0.024203},
	{cf=CFrame.new(2.758972,0.054775,-1.387695,0.493887,0.000078,0.869526,0.008433,0.999953,-0.004879,-0.869485,0.009743,0.493863),fov=50.000000,dt=0.020242},
	{cf=CFrame.new(2.808838,0.117952,-1.430420,0.505440,-0.011722,0.862782,0.014640,0.999880,0.005008,-0.862738,0.010100,0.505551),fov=50.000000,dt=0.029750},
	{cf=CFrame.new(2.531189,0.058472,-1.434692,0.506584,-0.004223,0.862180,-0.004523,0.999961,0.007556,-0.862179,-0.007728,0.506546),fov=50.000000,dt=0.025912},
	{cf=CFrame.new(2.717224,0.277786,-1.181396,0.503234,0.000000,0.864150,0.000000,1.000000,-0.000000,-0.864150,-0.000000,0.503234),fov=50.000000,dt=0.025705},
	{cf=CFrame.new(2.820129,-0.309958,-1.225830,0.496191,0.008499,0.868172,-0.008673,0.999951,-0.004833,-0.868170,-0.005131,0.496240),fov=50.000000,dt=0.019447},
	{cf=CFrame.new(2.603638,0.210741,-1.601318,0.490505,0.013829,0.871329,-0.009124,0.999901,-0.010733,-0.871391,-0.002685,0.490582),fov=50.000000,dt=0.028348},
	{cf=CFrame.new(2.690979,0.253674,-1.564331,0.494056,0.008062,0.869392,-0.001637,0.999964,-0.008343,-0.869428,0.002699,0.494052),fov=50.000000,dt=0.024637},
	{cf=CFrame.new(2.416809,0.072960,-1.131348,0.511537,-0.010759,0.859194,-0.003404,0.999888,0.014547,-0.859255,-0.010367,0.511443),fov=50.000000,dt=0.021646},
	{cf=CFrame.new(2.578918,0.250858,-1.218750,0.510083,-0.014169,0.860009,0.009983,0.999894,0.010553,-0.860067,0.003202,0.510171),fov=50.000000,dt=0.030944},
	{cf=CFrame.new(2.574646,-0.054577,-1.453857,0.502796,-0.000590,0.864405,0.006444,0.999975,-0.003065,-0.864381,0.007111,0.502787),fov=50.000000,dt=0.028927},
	{cf=CFrame.new(2.603271,0.034895,-1.327026,0.501078,0.004390,0.865391,0.000352,0.999986,-0.005277,-0.865402,0.002949,0.501070),fov=50.000000,dt=0.022630},
	{cf=CFrame.new(2.615112,0.173580,-1.413940,0.502779,-0.005834,0.864395,0.006437,0.999975,0.003005,-0.864391,0.004053,0.502804),fov=50.000000,dt=0.039182},
	{cf=CFrame.new(2.637329,0.176155,-1.496094,0.502378,-0.010556,0.864584,0.011589,0.999918,0.005474,-0.864570,0.007270,0.502459),fov=50.000000,dt=0.025034},
	{cf=CFrame.new(2.645142,0.140318,-1.417603,0.502678,-0.007394,0.864442,0.008169,0.999959,0.003803,-0.864435,0.005150,0.502718),fov=50.000000,dt=0.037822},
	{cf=CFrame.new(2.621948,0.117802,-1.376953,0.503148,-0.000481,0.864200,0.000567,1.000000,0.000226,-0.864200,0.000376,0.503148),fov=50.000000,dt=0.034714},
	{cf=CFrame.new(2.617188,0.117538,-1.375000,0.503234,0.000000,0.864150,0.000000,1.000000,0.000000,-0.864150,-0.000000,0.503234),fov=50.000000,dt=0.041221},
	{cf=CFrame.new(2.617188,0.117538,-1.375000,0.503234,-0.000000,0.864150,0.000000,1.000000,-0.000000,-0.864150,-0.000000,0.503234),fov=50.000000,dt=0.035836},
	{cf=CFrame.new(2.617188,0.117538,-1.375000,0.503234,0.000000,0.864150,0.000000,1.000000,0.000000,-0.864150,-0.000000,0.503234),fov=50.000000,dt=0.040484},
	{cf=CFrame.new(2.617188,0.117538,-1.375000,0.503234,-0.000000,0.864150,-0.000000,1.000000,-0.000000,-0.864150,-0.000000,0.503234),fov=50.000000,dt=0.045547},
	{cf=CFrame.new(2.617188,0.117538,-1.375000,0.503234,-0.000000,0.864150,-0.000000,1.000000,0.000000,-0.864150,-0.000000,0.503234),fov=50.000000,dt=0.048967},
	{cf=CFrame.new(2.617188,0.117538,-1.375000,0.503234,0.000000,0.864150,0.000000,1.000000,-0.000000,-0.864150,0.000000,0.503234),fov=50.000000,dt=0.046577},
	{cf=CFrame.new(2.617188,0.117538,-1.375000,0.503234,0.000000,0.864150,-0.000000,1.000000,-0.000000,-0.864150,0.000000,0.503234),fov=50.000000,dt=0.047413},
	{cf=CFrame.new(2.617188,0.117538,-1.375000,0.503234,-0.000000,0.864150,-0.000000,1.000000,0.000000,-0.864150,0.000000,0.503234),fov=50.000000,dt=0.049814},
	{cf=CFrame.new(2.617188,0.117538,-1.375000,0.503234,0.000000,0.864150,0.000000,1.000000,-0.000000,-0.864150,-0.000000,0.503234),fov=50.000000,dt=0.055345},
	{cf=CFrame.new(2.668213,0.083832,-1.396973,0.508430,0.013719,0.860994,-0.013719,0.999875,-0.007831,-0.860994,-0.007831,0.508555),fov=50.000000,dt=0.053133},
	{cf=CFrame.new(2.632019,0.106586,-1.375610,0.497702,0.009799,0.867293,0.001881,0.999922,-0.012377,-0.867346,0.007791,0.497645),fov=50.000000,dt=0.048380},
	{cf=CFrame.new(2.601746,0.141636,-1.369629,0.501752,-0.003685,0.865003,0.006787,0.999977,0.000323,-0.864985,0.005709,0.501766),fov=50.000000,dt=0.061717},
	{cf=CFrame.new(2.630859,0.101099,-1.367432,0.509322,0.000999,0.860575,-0.003051,0.999995,0.000645,-0.860571,-0.002954,0.509323),fov=50.000000,dt=0.057336},
	{cf=CFrame.new(2.617188,0.117538,-1.375000,0.503234,0.000000,0.864150,-0.000000,1.000000,0.000000,-0.864150,0.000000,0.503234),fov=50.000000,dt=0.064921},
	{cf=CFrame.new(2.617188,0.117538,-1.375000,0.503234,-0.000000,0.864150,-0.000000,1.000000,-0.000000,-0.864150,0.000000,0.503234),fov=50.000000,dt=0.060970},
	{cf=CFrame.new(2.617188,0.117538,-1.375000,0.503234,0.000000,0.864150,0.000000,1.000000,-0.000000,-0.864150,-0.000000,0.503234),fov=50.000000,dt=0.072806},
	{cf=CFrame.new(2.617188,0.117538,-1.375000,0.503234,0.000000,0.864150,0.000000,1.000000,0.000000,-0.864150,-0.000000,0.503234),fov=50.000000,dt=0.072756},
	{cf=CFrame.new(2.632080,0.104025,-1.365723,0.502372,0.002940,0.864646,0.000246,0.999994,-0.003543,-0.864652,0.001993,0.502368),fov=50.000000,dt=0.078707},
	{cf=CFrame.new(2.606201,0.128267,-1.396606,0.500540,-0.009099,0.865665,0.002715,0.999956,0.008941,-0.865709,-0.002125,0.500543),fov=50.000000,dt=0.065913},
	{cf=CFrame.new(2.666504,0.111835,-1.378296,0.508469,0.000044,0.861081,-0.001755,0.999998,0.000986,-0.861079,-0.002013,0.508468),fov=50.000000,dt=0.085231},
	{cf=CFrame.new(2.758850,0.150518,-1.296387,0.554185,-0.029194,0.831881,0.001240,0.999413,0.034247,-0.832393,-0.017947,0.553896),fov=50.000000,dt=0.081492},
	{cf=CFrame.new(2.832581,0.240473,-1.208862,0.597879,-0.064698,0.798971,0.008865,0.997210,0.074117,-0.801538,-0.037230,0.596784),fov=50.000000,dt=0.079885},
	{cf=CFrame.new(1.919312,90.912308,65.045044,1.000000,-0.000000,0.000000,-0.000000,0.923879,0.382684,-0.000000,-0.382684,0.923879),fov=70.000000,dt=0.150463},
}

local accumulated = 0
local index = 1
local smoothRootCF = root.CFrame

RunService:BindToRenderStep('FollowCinematic', Enum.RenderPriority.Camera.Value + 1, function(dt)

	accumulated += dt

	smoothRootCF = root.CFrame

	while frames[index] and accumulated >= frames[index].dt do

		accumulated -= frames[index].dt

		local f = frames[index]

		camera.CFrame = smoothRootCF * f.cf
		camera.FieldOfView = f.fov

		index += 1

	end

	if not frames[index] then
		RunService:UnbindFromRenderStep('FollowCinematic')
		camera.CameraType = Enum.CameraType.Custom
	end

end)
