-- Hello there
local Players = game:GetService('Players')
local RunService = game:GetService('RunService')

local player = Players.LocalPlayer
local camera = workspace.CurrentCamera

local root = player.Character:WaitForChild('HumanoidRootPart')

camera.CameraType = Enum.CameraType.Scriptable

local frames = {
	{cf=CFrame.new(-13.792969,13.065429,-0.991455,0.951430,0.281060,0.125642,-0.299997,0.938068,0.173293,-0.069155,-0.202568,0.976823),fov=53.622131,dt=0.059055},
	{cf=CFrame.new(-5.601562,7.767147,-0.881104,0.804549,0.146186,0.575613,-0.199299,0.979485,0.029809,-0.559447,-0.138702,0.817179),fov=48.391926,dt=0.036561},
	{cf=CFrame.new(-2.031250,5.453222,-0.892334,0.658564,0.102985,0.745445,-0.130030,0.991264,-0.022071,-0.741206,-0.082395,0.666202),fov=46.063110,dt=0.026022},
	{cf=CFrame.new(0.128906,4.034058,-0.856934,0.538819,0.090765,0.837517,-0.080638,0.995171,-0.055972,-0.838553,-0.037377,0.543536),fov=44.458462,dt=0.023092},
	{cf=CFrame.new(1.917969,2.779886,-0.662598,0.409062,0.095351,0.907512,-0.032518,0.995417,-0.089929,-0.911928,0.007276,0.410288),fov=43.284824,dt=0.028396},
	{cf=CFrame.new(2.839844,1.954409,-0.230469,0.015696,0.117348,0.992967,0.118897,0.985824,-0.118384,-0.992782,0.119919,0.001521),fov=43.381981,dt=0.022108},
	{cf=CFrame.new(3.582031,1.181028,0.255615,0.018268,0.148965,0.988674,0.124495,0.980804,-0.150080,-0.992052,0.125826,-0.000628),fov=44.937450,dt=0.025387},
	{cf=CFrame.new(4.085938,0.490850,0.786865,0.019285,0.181027,0.983289,0.138822,0.973461,-0.181940,-0.990130,0.140011,-0.006357),fov=52.143127,dt=0.025563},
	{cf=CFrame.new(4.367188,-0.130963,1.304443,0.035698,0.194777,0.980198,0.175878,0.964290,-0.198021,-0.983765,0.179464,0.000166),fov=57.141403,dt=0.020486},
	{cf=CFrame.new(4.503906,-0.441439,1.551514,0.050004,0.175013,0.983295,0.218758,0.958701,-0.181761,-0.974497,0.224193,0.009654),fov=62.405087,dt=0.012094},
	{cf=CFrame.new(4.628906,-0.787818,1.861572,0.064954,0.119704,0.990683,0.299009,0.944828,-0.133768,-0.952037,0.304912,0.025578),fov=66.719353,dt=0.013748},
	{cf=CFrame.new(4.789062,-1.074026,2.152832,0.076053,0.067114,0.994843,0.363159,0.927339,-0.090323,-0.928618,0.368156,0.046154),fov=68.502480,dt=0.023733},
	{cf=CFrame.new(4.925781,-1.209385,2.552490,0.073261,0.058889,0.995573,0.352264,0.932383,-0.081073,-0.933029,0.356643,0.047563),fov=67.401276,dt=0.023802},
	{cf=CFrame.new(5.000000,-1.234924,2.790527,0.055854,0.087424,0.994604,0.269742,0.957795,-0.099336,-0.961312,0.273834,0.029915),fov=65.088097,dt=0.014171},
	{cf=CFrame.new(5.273438,-1.256927,3.416260,0.038770,0.112212,0.992928,0.122425,0.985655,-0.116171,-0.991720,0.126063,0.024476),fov=69.972572,dt=0.055303},
	{cf=CFrame.new(5.675781,-1.176886,4.030762,0.042543,0.112883,0.992697,0.026156,0.993130,-0.114053,-0.998752,0.030817,0.039299),fov=69.969582,dt=0.080390},
	{cf=CFrame.new(6.015625,-1.018452,4.396973,0.045147,0.113100,0.992557,-0.030049,0.993275,-0.111815,-0.998528,-0.024777,0.048242),fov=75.647812,dt=0.050336},
	{cf=CFrame.new(6.398438,-0.834882,4.645508,0.050276,0.113287,0.992289,-0.068098,0.991622,-0.109761,-0.996411,-0.062054,0.057570),fov=75.648354,dt=0.059463},
	{cf=CFrame.new(6.640625,-0.716715,4.743408,0.054250,0.113486,0.992057,-0.083175,0.990581,-0.108769,-0.995057,-0.076614,0.063178),fov=75.648453,dt=0.042966},
	{cf=CFrame.new(6.824219,-0.620066,4.802002,0.057714,0.113750,0.991832,-0.091672,0.989894,-0.108193,-0.994115,-0.084679,0.067559),fov=75.648453,dt=0.029490},
	{cf=CFrame.new(6.949219,-0.555106,4.829346,0.060094,0.114029,0.991658,-0.095636,0.989541,-0.107990,-0.993601,-0.088348,0.070371),fov=75.648453,dt=0.030734},
	{cf=CFrame.new(7.054688,-0.495024,4.842773,0.062251,0.114448,0.991477,-0.098202,0.989286,-0.108029,-0.993218,-0.090640,0.072823),fov=75.648499,dt=0.037981},
	{cf=CFrame.new(7.117188,-0.457604,4.847168,0.063460,0.114923,0.991345,-0.099356,0.989140,-0.108308,-0.993026,-0.091622,0.074189),fov=75.648621,dt=0.030171},
	{cf=CFrame.new(7.140625,-0.435687,4.852051,0.063303,0.115813,0.991252,-0.099945,0.988986,-0.109166,-0.992977,-0.092160,0.074181),fov=75.648888,dt=0.032210},
	{cf=CFrame.new(7.136719,-0.430020,4.875732,0.055283,0.119694,0.991270,-0.098032,0.988643,-0.113909,-0.993647,-0.090879,0.066389),fov=75.649353,dt=0.034436},
	{cf=CFrame.new(7.136719,-0.416790,4.979736,0.049011,0.124443,0.991016,-0.098369,0.987986,-0.119197,-0.993942,-0.091644,0.060663),fov=75.650055,dt=0.024930},
	{cf=CFrame.new(3.152344,0.050567,6.893555,0.056249,0.113016,0.992000,-0.123554,0.986724,-0.105409,-0.990742,-0.116636,0.069466),fov=75.651024,dt=0.031589},
	{cf=CFrame.new(3.125000,0.226613,7.003418,0.073323,0.083327,0.993821,-0.170143,0.982940,-0.069862,-0.982688,-0.163969,0.086250),fov=75.651642,dt=0.029211},
	{cf=CFrame.new(3.105469,0.336594,7.028564,0.096699,0.045948,0.994253,-0.225432,0.973986,-0.023087,-0.969448,-0.221903,0.104541),fov=82.533447,dt=0.027102},
	{cf=CFrame.new(3.101562,0.367707,7.030518,0.107648,0.029667,0.993746,-0.248995,0.968503,-0.001941,-0.962504,-0.247229,0.111645),fov=78.849892,dt=0.015785},
	{cf=CFrame.new(3.101562,0.400612,7.039551,0.125561,0.004619,0.992075,-0.284771,0.958075,0.031581,-0.950337,-0.286480,0.121612),fov=73.901749,dt=0.019424},
	{cf=CFrame.new(3.093750,0.417385,7.077393,0.141040,-0.015674,0.989880,-0.313434,0.947734,0.059665,-0.939078,-0.318677,0.128756),fov=68.571815,dt=0.020065},
	{cf=CFrame.new(3.085938,0.423403,7.164551,0.151750,-0.029049,0.987992,-0.332159,0.939938,0.078654,-0.930936,-0.340106,0.132987),fov=59.053768,dt=0.023265},
	{cf=CFrame.new(3.066406,0.396129,7.361572,0.146613,-0.024258,0.988896,-0.308496,0.948719,0.069010,-0.939859,-0.315188,0.131611),fov=55.445927,dt=0.022506},
	{cf=CFrame.new(3.019531,0.136278,7.714844,0.079797,0.142609,0.986557,-0.127059,0.983095,-0.131832,-0.988680,-0.114831,0.096568),fov=52.767086,dt=0.022064},
	{cf=CFrame.new(2.968750,-0.086174,7.801270,0.069053,0.229655,0.970819,-0.094816,0.970248,-0.222776,-0.993097,-0.076665,0.088773),fov=50.486755,dt=0.032722},
	{cf=CFrame.new(2.968750,-0.089140,7.801270,0.073051,0.194762,0.978126,-0.095667,0.977593,-0.187511,-0.992729,-0.079877,0.090046),fov=72.487457,dt=0.010176},
	{cf=CFrame.new(2.968750,-0.093002,7.801270,0.076797,0.169423,0.982547,-0.096255,0.982114,-0.161825,-0.992390,-0.082148,0.091731),fov=78.052483,dt=0.019875},
	{cf=CFrame.new(2.968750,-0.095746,7.801270,0.077673,0.172871,0.981877,-0.096356,0.981543,-0.165190,-0.992312,-0.081779,0.092897),fov=76.974922,dt=0.024211},
	{cf=CFrame.new(2.968750,-0.098834,7.801270,0.078352,0.177936,0.980918,-0.096470,0.980678,-0.170187,-0.992247,-0.081294,0.094004),fov=76.651115,dt=0.033777},
	{cf=CFrame.new(2.968750,-0.101220,7.801270,0.078417,0.179883,0.980557,-0.096573,0.980331,-0.172118,-0.992232,-0.081199,0.094246),fov=76.380623,dt=0.026878},
	{cf=CFrame.new(2.968750,-0.102991,7.801270,0.078387,0.180958,0.980362,-0.096824,0.980121,-0.173172,-0.992210,-0.081349,0.094350),fov=76.061050,dt=0.035886},
	{cf=CFrame.new(2.968750,-0.104362,7.801270,0.078320,0.181618,0.980245,-0.097188,0.979973,-0.173803,-0.992180,-0.081656,0.094403),fov=76.097633,dt=0.025453},
	{cf=CFrame.new(2.968750,-0.105115,7.801270,0.078262,0.181910,0.980196,-0.097456,0.979898,-0.174073,-0.992158,-0.081903,0.094417),fov=76.190842,dt=0.037234},
	{cf=CFrame.new(2.968750,-0.105566,7.801270,0.078228,0.182148,0.980154,-0.097555,0.979847,-0.174305,-0.992151,-0.081984,0.094421),fov=76.315765,dt=0.029547},
	{cf=CFrame.new(2.968750,-0.105731,7.801270,0.078264,0.182552,0.980076,-0.097283,0.979798,-0.174732,-0.992175,-0.081669,0.094442),fov=76.447357,dt=0.029389},
	{cf=CFrame.new(2.968750,-0.105755,7.801270,0.078384,0.183269,0.979933,-0.096599,0.979728,-0.175504,-0.992232,-0.080903,0.094499),fov=76.560310,dt=0.031888},
	{cf=CFrame.new(2.941406,-0.096709,7.805420,0.080412,0.182417,0.979927,-0.090948,0.980353,-0.175033,-0.992604,-0.075048,0.095423),fov=76.629059,dt=0.034013},
	{cf=CFrame.new(2.886719,-0.071930,7.817627,0.085883,0.179687,0.979968,-0.075773,0.981931,-0.173406,-0.993420,-0.059363,0.097946),fov=76.638847,dt=0.027668},
	{cf=CFrame.new(2.750000,-0.017782,7.840332,0.097692,0.173413,0.979992,-0.042497,0.984531,-0.169980,-0.994309,-0.025041,0.103550),fov=75.550316,dt=0.033529},
	{cf=CFrame.new(2.441406,0.110199,7.895264,0.124899,0.156960,0.979675,0.036383,0.986018,-0.162615,-0.991502,0.055954,0.117442),fov=72.219345,dt=0.028642},
	{cf=CFrame.new(2.273438,0.179433,7.929932,0.141857,0.123574,0.982144,0.087513,0.986727,-0.136791,-0.986011,0.105355,0.129160),fov=66.268669,dt=0.027250},
	{cf=CFrame.new(2.269531,0.179744,7.931885,0.143072,0.095268,0.985116,0.084497,0.990546,-0.108065,-0.986099,0.098700,0.133669),fov=61.776894,dt=0.024147},
	{cf=CFrame.new(2.273438,0.179994,7.935059,0.143191,0.083998,0.986124,0.081122,0.992043,-0.096282,-0.986365,0.093783,0.135237),fov=51.942032,dt=0.020767},
	{cf=CFrame.new(2.273438,0.180184,7.935059,0.142755,0.085899,0.986023,0.079579,0.992005,-0.097941,-0.986554,0.092448,0.134778),fov=58.518852,dt=0.019741},
	{cf=CFrame.new(2.269531,0.180413,7.937012,0.141711,0.091745,0.985647,0.074503,0.991883,-0.103037,-0.987100,0.088035,0.133726),fov=49.408356,dt=0.017072},
	{cf=CFrame.new(2.269531,0.180590,7.940186,0.141116,0.096967,0.985233,0.069575,0.991760,-0.107574,-0.987545,0.083728,0.133207),fov=51.662167,dt=0.020033},
	{cf=CFrame.new(2.269531,0.180758,7.940186,0.140770,0.101715,0.984804,0.064814,0.991628,-0.111684,-0.987918,0.079551,0.132998),fov=50.353703,dt=0.019442},
	{cf=CFrame.new(2.269531,0.180921,7.940186,0.140439,0.105942,0.984405,0.060501,0.991482,-0.115335,-0.988239,0.075755,0.132833),fov=50.553703,dt=0.018249},
	{cf=CFrame.new(2.265625,0.181117,7.942139,0.140054,0.110526,0.983956,0.055713,0.991296,-0.119280,-0.988575,0.071525,0.132678),fov=50.537819,dt=0.016981},
	{cf=CFrame.new(2.265625,0.181304,7.942139,0.139704,0.114431,0.983559,0.051512,0.991115,-0.122626,-0.988853,0.067797,0.132568),fov=50.537853,dt=0.020667},
	{cf=CFrame.new(2.269531,0.181482,7.945312,0.139390,0.117710,0.983217,0.047857,0.990949,-0.125420,-0.989080,0.064536,0.132495),fov=50.537930,dt=0.017646},
	{cf=CFrame.new(2.269531,0.181651,7.945312,0.139123,0.120329,0.982937,0.044779,0.990810,-0.127631,-0.989262,0.061772,0.132456),fov=50.538265,dt=0.021667},
	{cf=CFrame.new(2.269531,0.181810,7.945312,0.138894,0.122444,0.982708,0.042148,0.990697,-0.129397,-0.989410,0.059392,0.132441),fov=50.538498,dt=0.021137},
	{cf=CFrame.new(2.269531,0.181963,7.945312,0.138702,0.124107,0.982527,0.039920,0.990610,-0.130763,-0.989529,0.057359,0.132445),fov=50.538784,dt=0.022077},
	{cf=CFrame.new(2.269531,0.182106,7.945312,0.138543,0.125370,0.982389,0.038051,0.990549,-0.131777,-0.989625,0.055638,0.132463),fov=50.539505,dt=0.024159},
	{cf=CFrame.new(2.269531,0.182241,7.945312,0.138421,0.126236,0.982295,0.036545,0.990517,-0.132443,-0.989699,0.054231,0.132495),fov=50.539921,dt=0.017528},
	{cf=CFrame.new(2.265625,0.182394,7.949219,0.138308,0.126915,0.982224,0.035075,0.990505,-0.132924,-0.989768,0.052836,0.132543),fov=50.540382,dt=0.023700},
	{cf=CFrame.new(2.265625,0.182536,7.949219,0.138226,0.127271,0.982189,0.033917,0.990519,-0.133123,-0.989820,0.051714,0.132599),fov=50.541409,dt=0.029326},
	{cf=CFrame.new(2.265625,0.182667,7.949219,0.138167,0.127401,0.982181,0.032989,0.990550,-0.133127,-0.989859,0.050795,0.132658),fov=50.541977,dt=0.019394},
	{cf=CFrame.new(2.265625,0.182791,7.949219,0.138122,0.127408,0.982186,0.032208,0.990589,-0.133027,-0.989891,0.050008,0.132718),fov=50.543198,dt=0.029159},
	{cf=CFrame.new(2.265625,0.182883,7.949219,0.138097,0.127372,0.982194,0.031624,0.990623,-0.132911,-0.989914,0.049416,0.132775),fov=50.543861,dt=0.022495},
	{cf=CFrame.new(2.265625,0.182989,7.949219,0.138087,0.127299,0.982205,0.030983,0.990665,-0.132751,-0.989935,0.048763,0.132854),fov=50.545250,dt=0.025001},
	{cf=CFrame.new(2.265625,0.183083,7.949219,0.138098,0.127192,0.982217,0.030414,0.990707,-0.132568,-0.989951,0.048181,0.132947),fov=50.545979,dt=0.023124},
	{cf=CFrame.new(2.265625,0.183170,7.949219,0.138126,0.127064,0.982230,0.029897,0.990749,-0.132370,-0.989963,0.047650,0.133050),fov=50.547489,dt=0.027719},
	{cf=CFrame.new(2.265625,0.183250,7.949219,0.138172,0.126914,0.982243,0.029440,0.990791,-0.132160,-0.989971,0.047178,0.133164),fov=50.548271,dt=0.023949},
	{cf=CFrame.new(2.265625,0.183311,7.949219,0.138221,0.126779,0.982253,0.029093,0.990825,-0.131979,-0.989974,0.046819,0.133265),fov=50.549072,dt=0.019989},
	{cf=CFrame.new(2.265625,0.183375,7.949219,0.138291,0.126607,0.982266,0.028716,0.990866,-0.131758,-0.989975,0.046428,0.133392),fov=50.550697,dt=0.025621},
	{cf=CFrame.new(2.265625,0.183433,7.949219,0.138372,0.126431,0.982277,0.028377,0.990905,-0.131539,-0.989974,0.046075,0.133526),fov=50.551521,dt=0.021438},
	{cf=CFrame.new(2.265625,0.183486,7.949219,0.138462,0.126255,0.982287,0.028069,0.990942,-0.131325,-0.989970,0.045756,0.133664),fov=50.553188,dt=0.025712},
	{cf=CFrame.new(2.265625,0.183531,7.952393,0.138560,0.126086,0.982295,0.027789,0.990977,-0.131120,-0.989964,0.045465,0.133806),fov=50.554031,dt=0.027278},
	{cf=CFrame.new(2.265625,0.183577,7.952393,0.138680,0.125902,0.982302,0.027487,0.991015,-0.130899,-0.989956,0.045154,0.133973),fov=50.555706,dt=0.023641},
	{cf=CFrame.new(2.265625,0.183611,7.952393,0.138786,0.125762,0.982305,0.027244,0.991044,-0.130730,-0.989947,0.044905,0.134117),fov=50.556538,dt=0.025856},
	{cf=CFrame.new(2.265625,0.183644,7.952393,0.138912,0.125629,0.982304,0.026971,0.991073,-0.130564,-0.989937,0.044631,0.134284),fov=50.558182,dt=0.033827},
	{cf=CFrame.new(2.265625,0.183671,7.952393,0.139036,0.125534,0.982298,0.026701,0.991097,-0.130438,-0.989927,0.044364,0.134447),fov=50.559788,dt=0.028738},
	{cf=CFrame.new(2.265625,0.183696,7.952393,0.139173,0.125484,0.982285,0.026384,0.991117,-0.130350,-0.989917,0.044058,0.134626),fov=50.561337,dt=0.029550},
	{cf=CFrame.new(2.265625,0.183712,7.954346,0.139284,0.125499,0.982268,0.026090,0.991127,-0.130331,-0.989909,0.043780,0.134774),fov=50.562813,dt=0.030942},
	{cf=CFrame.new(2.269531,0.183726,7.957520,0.139398,0.125597,0.982239,0.025723,0.991130,-0.130385,-0.989902,0.043441,0.134931),fov=50.564201,dt=0.031882},
	{cf=CFrame.new(2.269531,0.183733,7.957520,0.139482,0.125760,0.982206,0.025365,0.991123,-0.130504,-0.989900,0.043117,0.135054),fov=50.565495,dt=0.032157},
	{cf=CFrame.new(2.269531,0.183741,7.962646,0.139558,0.126051,0.982158,0.024900,0.991104,-0.130737,-0.989901,0.042701,0.135178),fov=50.566654,dt=0.033275},
	{cf=CFrame.new(2.269531,0.183742,7.962646,0.139605,0.126462,0.982098,0.024364,0.991072,-0.131081,-0.989907,0.042228,0.135278),fov=50.567688,dt=0.033154},
	{cf=CFrame.new(2.265625,0.183742,7.967773,0.139620,0.127087,0.982016,0.023658,0.991018,-0.131616,-0.989922,0.041608,0.135359),fov=50.568562,dt=0.037627},
	{cf=CFrame.new(2.261719,0.181891,8.029297,0.136722,0.128828,0.982197,0.023992,0.990786,-0.133294,-0.990319,0.041789,0.132372),fov=50.569275,dt=0.031243},
	{cf=CFrame.new(2.562500,0.101050,9.658936,-0.176455,0.091687,0.980029,0.061458,0.994736,-0.081997,-0.982388,0.045761,-0.181161),fov=50.569801,dt=0.039138},
	{cf=CFrame.new(14.582031,-0.417739,13.910400,0.378311,0.032679,0.925102,0.043454,0.997648,-0.053012,-0.924658,0.060254,0.376001),fov=50.570213,dt=0.043647},
	{cf=CFrame.new(15.355469,-0.385856,16.792480,0.327679,0.023312,0.944501,0.016463,0.999403,-0.030378,-0.944646,0.025504,0.327099),fov=34.058067,dt=0.037125},
	{cf=CFrame.new(15.730469,-0.326816,18.201660,0.255746,0.006557,0.966722,-0.007768,0.999959,-0.004727,-0.966713,-0.006300,0.255787),fov=35.335209,dt=0.029777},
	{cf=CFrame.new(15.847656,-0.287036,18.638428,0.220351,0.005343,0.975406,-0.019363,0.999812,-0.001103,-0.975228,-0.018644,0.220413),fov=36.847801,dt=0.022366},
	{cf=CFrame.new(15.949219,-0.202348,19.014893,0.163216,0.017579,0.986434,-0.035011,0.999315,-0.012016,-0.985969,-0.032574,0.163719),fov=44.530396,dt=0.040772},
	{cf=CFrame.new(15.957031,-0.131952,19.053223,0.125494,0.034457,0.991496,-0.037792,0.998837,-0.029929,-0.991374,-0.033714,0.126650),fov=51.464394,dt=0.041232},
	{cf=CFrame.new(15.957031,-0.076281,19.053223,0.097170,0.046610,0.994176,-0.030485,0.998574,-0.043837,-0.994801,-0.026048,0.098452),fov=57.293804,dt=0.034969},
	{cf=CFrame.new(15.957031,-0.043089,19.053223,0.080556,0.052570,0.995363,-0.019792,0.998496,-0.051134,-0.996554,-0.015581,0.081475),fov=58.784794,dt=0.026399},
	{cf=CFrame.new(15.957031,-0.017766,19.056396,0.067873,0.056116,0.996115,-0.006440,0.998421,-0.055807,-0.997673,-0.002627,0.068127),fov=59.359478,dt=0.035819},
	{cf=CFrame.new(15.953125,0.000048,19.059082,0.058563,0.057636,0.996619,0.008010,0.998273,-0.058203,-0.998252,0.011391,0.058001),fov=59.624634,dt=0.026080},
	{cf=CFrame.new(15.953125,0.011813,19.070801,0.051543,0.057830,0.996995,0.021859,0.998017,-0.059019,-0.998431,0.024836,0.050177),fov=60.111313,dt=0.025836},
	{cf=CFrame.new(15.960938,0.017963,19.078613,0.046779,0.057302,0.997261,0.032325,0.997743,-0.058846,-0.998382,0.034989,0.044821),fov=60.541176,dt=0.031125},
	{cf=CFrame.new(15.953125,0.020859,19.094971,0.041967,0.055772,0.997561,0.043442,0.997395,-0.057590,-0.998174,0.045753,0.039435),fov=60.916355,dt=0.030399},
	{cf=CFrame.new(15.957031,0.019871,19.113770,0.039372,0.054088,0.997760,0.049832,0.997185,-0.056023,-0.997981,0.051926,0.036566),fov=61.084202,dt=0.024389},
	{cf=CFrame.new(15.957031,0.015841,19.139160,0.036983,0.051295,0.997998,0.056246,0.996992,-0.053328,-0.997732,0.058105,0.033987),fov=61.382267,dt=0.031792},
	{cf=CFrame.new(15.957031,0.011387,19.165039,0.035902,0.048857,0.998160,0.059637,0.996920,-0.050942,-0.997574,0.061356,0.032878),fov=61.632786,dt=0.026577},
	{cf=CFrame.new(15.949219,0.005380,19.198730,0.035382,0.045698,0.998329,0.062079,0.996924,-0.047833,-0.997444,0.063668,0.032436),fov=61.741295,dt=0.027799},
	{cf=CFrame.new(15.949219,-0.000513,19.239746,0.035451,0.042338,0.998474,0.063275,0.997002,-0.044522,-0.997366,0.064757,0.032666),fov=61.927174,dt=0.032127},
	{cf=CFrame.new(15.949219,-0.005439,19.292480,0.035987,0.038882,0.998595,0.063437,0.997139,-0.041112,-0.997337,0.064828,0.033418),fov=62.074780,dt=0.026056},
	{cf=CFrame.new(15.949219,-0.008544,19.346924,0.036868,0.035435,0.998692,0.062776,0.997315,-0.037704,-0.997346,0.064084,0.034545),fov=62.188278,dt=0.029975},
	{cf=CFrame.new(15.945312,-0.008667,19.416748,0.037973,0.032123,0.998762,0.061472,0.997515,-0.034420,-0.997386,0.062702,0.035904),fov=62.233570,dt=0.029656},
	{cf=CFrame.new(15.941406,-0.005101,19.491699,0.039144,0.029050,0.998811,0.059804,0.997717,-0.031362,-0.997442,0.060960,0.037317),fov=62.303997,dt=0.029971},
	{cf=CFrame.new(15.937500,0.001350,19.564697,0.040111,0.026671,0.998839,0.058241,0.997882,-0.028984,-0.997496,0.059336,0.038472),fov=62.351257,dt=0.026227},
	{cf=CFrame.new(15.933594,0.014353,19.658203,0.041050,0.024348,0.998860,0.056454,0.998049,-0.026649,-0.997561,0.057484,0.039596),fov=62.367653,dt=0.023991},
	{cf=CFrame.new(15.929688,0.030365,19.749756,0.041608,0.022785,0.998874,0.055116,0.998165,-0.025065,-0.997613,0.056097,0.040276),fov=62.388805,dt=0.027897},
	{cf=CFrame.new(15.925781,0.055451,19.867676,0.042037,0.021539,0.998884,0.053946,0.998260,-0.023795,-0.997659,0.054886,0.040802),fov=62.394741,dt=0.026028},
	{cf=CFrame.new(0.113281,0.281169,23.997314,0.999559,-0.014973,-0.025660,0.014363,0.999614,-0.023786,0.026006,0.023407,0.999388),fov=62.400173,dt=0.027952},
	{cf=CFrame.new(-0.007812,0.288083,23.994873,0.999665,-0.004317,-0.025512,0.003703,0.999704,-0.024061,0.025608,0.023958,0.999385),fov=19.808186,dt=0.043604},
	{cf=CFrame.new(-0.035156,0.289760,23.995850,0.999676,-0.001732,-0.025410,0.001116,0.999706,-0.024232,0.025444,0.024196,0.999383),fov=19.808186,dt=0.012010},
	{cf=CFrame.new(-0.117188,0.294650,23.991943,0.999674,0.005801,-0.024876,-0.006426,0.999664,-0.025098,0.024722,0.025250,0.999375),fov=19.859192,dt=0.044338},
	{cf=CFrame.new(-0.210938,0.299694,23.991455,0.999623,0.013574,-0.023865,-0.014210,0.999542,-0.026713,0.023491,0.027042,0.999358),fov=20.006672,dt=0.057168},
	{cf=CFrame.new(-0.265625,0.303415,23.989258,0.999558,0.019307,-0.022597,-0.019953,0.999389,-0.028709,0.022029,0.029147,0.999332),fov=20.342203,dt=0.053867},
	{cf=CFrame.new(-0.312500,0.305838,23.991943,0.999508,0.023039,-0.021302,-0.023688,0.999247,-0.030724,0.020578,0.031214,0.999301),fov=20.691893,dt=0.051414},
	{cf=CFrame.new(-0.335938,0.307347,23.990723,0.999476,0.025366,-0.020096,-0.026012,0.999131,-0.032578,0.019252,0.033084,0.999267),fov=20.969643,dt=0.044815},
	{cf=CFrame.new(-0.347656,0.308095,23.988525,0.999463,0.026526,-0.019247,-0.027167,0.999057,-0.033857,0.018331,0.034362,0.999241),fov=21.450830,dt=0.034157},
	{cf=CFrame.new(-0.355469,0.308654,23.989258,0.999456,0.027396,-0.018358,-0.028029,0.998988,-0.035168,0.017376,0.035663,0.999213),fov=21.627972,dt=0.032760},
	{cf=CFrame.new(-0.359375,0.308916,23.990234,0.999456,0.027803,-0.017746,-0.028429,0.998946,-0.036045,0.016725,0.036530,0.999193),fov=22.006620,dt=0.029256},
	{cf=CFrame.new(-0.359375,0.309090,23.985107,0.999459,0.028063,-0.017149,-0.028680,0.998909,-0.036861,0.016096,0.037333,0.999173),fov=22.633318,dt=0.038328},
	{cf=CFrame.new(-0.363281,0.309150,23.984863,0.999463,0.028161,-0.016742,-0.028771,0.998887,-0.037372,0.015671,0.037833,0.999161),fov=22.857191,dt=0.025192},
	{cf=CFrame.new(-0.363281,0.309168,23.984863,0.999467,0.028188,-0.016485,-0.028792,0.998876,-0.037645,0.015405,0.038100,0.999155),fov=23.088207,dt=0.022484},
	{cf=CFrame.new(-0.363281,0.309175,23.984863,0.999469,0.028197,-0.016337,-0.028797,0.998872,-0.037742,0.015254,0.038193,0.999154),fov=23.570702,dt=0.029963},
	{cf=CFrame.new(-0.363281,0.309336,23.984863,0.999468,0.028308,-0.016218,-0.028904,0.998867,-0.037793,0.015130,0.038242,0.999154),fov=24.078543,dt=0.027460},
	{cf=CFrame.new(-0.363281,0.309893,23.984863,0.999458,0.028683,-0.016150,-0.029277,0.998855,-0.037823,0.015047,0.038275,0.999154),fov=24.341120,dt=0.025757},
	{cf=CFrame.new(-0.359375,0.311429,23.982910,0.999429,0.029712,-0.016107,-0.030304,0.998824,-0.037841,0.014964,0.038307,0.999154),fov=24.881536,dt=0.027897},
	{cf=CFrame.new(-0.359375,0.313720,23.986084,0.999382,0.031244,-0.016099,-0.031835,0.998777,-0.037841,0.014897,0.038330,0.999154),fov=25.439037,dt=0.025716},
	{cf=CFrame.new(-0.359375,0.317402,23.986084,0.999301,0.033712,-0.016126,-0.034302,0.998695,-0.037832,0.014830,0.038358,0.999154),fov=25.722784,dt=0.025737},
	{cf=CFrame.new(-0.359375,0.322437,23.986084,0.999181,0.037086,-0.016179,-0.037675,0.998574,-0.037810,0.014754,0.038389,0.999154),fov=26.296942,dt=0.024677},
	{cf=CFrame.new(-0.355469,0.329463,23.984131,0.998994,0.041791,-0.016264,-0.042381,0.998387,-0.037774,0.014660,0.038425,0.999154),fov=26.585842,dt=0.026002},
	{cf=CFrame.new(-0.355469,0.338321,23.984131,0.998726,0.047721,-0.016376,-0.048311,0.998120,-0.037724,0.014545,0.038467,0.999154),fov=27.163025,dt=0.023103},
	{cf=CFrame.new(-0.359375,0.352357,23.986084,0.998127,0.057909,-0.019726,-0.058537,0.997744,-0.032881,0.017778,0.033974,0.999265),fov=27.449392,dt=0.026082},
	{cf=CFrame.new(-0.359375,0.371499,23.986084,0.997053,0.071880,-0.026793,-0.072485,0.997120,-0.022330,0.025110,0.024207,0.999391),fov=28.012405,dt=0.022753},
	{cf=CFrame.new(-0.359375,0.394492,23.986084,0.995572,0.086973,-0.035658,-0.087339,0.996140,-0.008828,0.034753,0.011903,0.999325),fov=28.286869,dt=0.026222},
	{cf=CFrame.new(-0.363281,0.418546,23.988037,0.994021,0.100036,-0.043767,-0.099973,0.994984,0.003630,0.043911,0.000767,0.999035),fov=28.818708,dt=0.024310},
	{cf=CFrame.new(-0.363281,0.441399,23.988037,0.993103,0.106757,-0.048475,-0.106377,0.994272,0.010350,0.049302,-0.005122,0.998771),fov=29.075296,dt=0.026947},
	{cf=CFrame.new(-0.359375,0.461469,23.991211,0.993436,0.102742,-0.050298,-0.102857,0.994696,0.000303,0.050062,0.004873,0.998734),fov=29.567949,dt=0.028595},
	{cf=CFrame.new(-0.351562,0.478335,23.990479,0.994533,0.090753,-0.051644,-0.092181,0.995404,-0.025961,0.049051,0.030580,0.998328),fov=29.803263,dt=0.021185},
	{cf=CFrame.new(-0.343750,0.491408,23.991699,0.994619,0.089419,-0.052319,-0.091079,0.995384,-0.030251,0.049372,0.034854,0.998172),fov=30.030754,dt=0.019829},
	{cf=CFrame.new(-0.332031,0.511113,23.990234,0.993938,0.096129,-0.053353,-0.097370,0.995023,-0.021161,0.051053,0.026227,0.998351),fov=30.460840,dt=0.035906},
	{cf=CFrame.new(-0.304688,0.533410,23.989258,0.993686,0.098907,-0.052964,-0.099399,0.995025,-0.006745,0.052034,0.011967,0.998574),fov=31.038889,dt=0.039547},
	{cf=CFrame.new(-0.246094,0.550813,23.986084,0.993895,0.098259,-0.050186,-0.098228,0.995159,0.003101,0.050248,0.001847,0.998735),fov=31.376045,dt=0.035978},
	{cf=CFrame.new(-0.140625,0.566792,23.975830,0.994663,0.094804,-0.040715,-0.094452,0.995474,0.010484,0.041524,-0.006583,0.999116),fov=31.804388,dt=0.044310},
	{cf=CFrame.new(0.023438,0.577480,23.956787,0.995938,0.087349,-0.021856,-0.087057,0.996105,0.013998,0.022994,-0.012038,0.999663),fov=32.035973,dt=0.039074},
	{cf=CFrame.new(0.257812,0.584405,23.937988,0.997177,0.074393,0.010170,-0.074542,0.997103,0.015159,-0.009013,-0.015875,0.999833),fov=32.222931,dt=0.032327},
	{cf=CFrame.new(0.546875,0.587065,23.916016,0.996983,0.057042,0.052646,-0.057896,0.998212,0.014840,-0.051706,-0.017844,0.998503),fov=32.364468,dt=0.036081},
	{cf=CFrame.new(1.078125,0.578647,23.847168,0.989622,0.035148,0.139330,-0.036407,0.999316,0.006499,-0.139006,-0.011504,0.990225),fov=32.418045,dt=0.021844},
	{cf=CFrame.new(2.914062,0.536996,23.620850,0.915286,-0.008372,0.402718,0.016914,0.999701,-0.017661,-0.402449,0.022977,0.915154),fov=32.490776,dt=0.025407},
	{cf=CFrame.new(5.503906,0.478223,23.399658,0.767137,-0.029723,0.640794,0.059933,0.997877,-0.025464,-0.638677,0.057940,0.767290),fov=32.509964,dt=0.021905},
	{cf=CFrame.new(8.000000,0.424374,23.297607,0.651265,-0.025957,0.758406,0.064769,0.997669,-0.021473,-0.756081,0.063106,0.651429),fov=32.536198,dt=0.022508},
	{cf=CFrame.new(10.179688,0.378607,23.222412,0.545925,-0.018382,0.837632,0.061457,0.997945,-0.018154,-0.835577,0.061389,0.545933),fov=32.548782,dt=0.027537},
	{cf=CFrame.new(12.050781,0.340197,23.157715,0.449477,-0.009914,0.893237,0.054877,0.998356,-0.016533,-0.891605,0.056450,0.449282),fov=32.572880,dt=0.026884},
	{cf=CFrame.new(13.382812,0.313443,23.114502,0.378437,-0.002718,0.925623,0.047450,0.998738,-0.016467,-0.924410,0.050152,0.378088),fov=32.584396,dt=0.020478},
	{cf=CFrame.new(14.542969,0.290801,23.078125,0.315949,0.004234,0.948766,0.038773,0.999097,-0.017370,-0.947983,0.042274,0.315500),fov=32.595577,dt=0.019092},
	{cf=CFrame.new(15.542969,0.271930,23.049805,0.262071,0.010731,0.964989,0.029139,0.999394,-0.019027,-0.964609,0.033106,0.261600),fov=32.616940,dt=0.021558},
	{cf=CFrame.new(16.371094,0.257005,23.027344,0.217814,0.016579,0.975849,0.018672,0.999602,-0.021150,-0.975812,0.022827,0.217418),fov=32.627121,dt=0.018568},
	{cf=CFrame.new(17.070312,0.245073,23.012207,0.180984,0.021643,0.983248,0.007753,0.999695,-0.023432,-0.983455,0.011864,0.180761),fov=32.636986,dt=0.022163},
	{cf=CFrame.new(17.765625,0.234104,22.993652,0.145266,0.026568,0.989036,-0.005682,0.999645,-0.026019,-0.989376,-0.001840,0.145365),fov=32.655762,dt=0.025205},
	{cf=CFrame.new(18.218750,0.227826,22.983398,0.122918,0.029410,0.991981,-0.016980,0.999477,-0.027528,-0.992272,-0.013460,0.123353),fov=32.664680,dt=0.021672},
	{cf=CFrame.new(18.648438,0.222643,22.973389,0.102318,0.031257,0.994261,-0.030322,0.999140,-0.028290,-0.994289,-0.027254,0.103178),fov=32.673309,dt=0.024932},
	{cf=CFrame.new(18.984375,0.219564,22.963623,0.087489,0.031041,0.995682,-0.043078,0.998697,-0.027350,-0.995234,-0.040499,0.088712),fov=32.689655,dt=0.026388},
	{cf=CFrame.new(19.238281,0.217958,22.956055,0.076970,0.028436,0.996628,-0.054862,0.998199,-0.024244,-0.995523,-0.052811,0.078391),fov=32.697399,dt=0.025526},
	{cf=CFrame.new(19.449219,0.217140,22.946533,0.069187,0.023027,0.997338,-0.065222,0.997699,-0.018511,-0.995469,-0.063767,0.070529),fov=32.712048,dt=0.022141},
	{cf=CFrame.new(19.609375,0.216618,22.933350,0.063812,0.014956,0.997850,-0.071213,0.997407,-0.010395,-0.995418,-0.070397,0.064712),fov=32.718945,dt=0.023266},
	{cf=CFrame.new(19.789062,0.215869,22.914551,0.057946,-0.001131,0.998319,-0.071236,0.997445,0.005264,-0.995775,-0.071422,0.057718),fov=32.731956,dt=0.029725},
	{cf=CFrame.new(19.902344,0.215272,22.905518,0.054166,-0.011819,0.998462,-0.068148,0.997555,0.015505,-0.996204,-0.068883,0.053229),fov=32.738075,dt=0.011441},
	{cf=CFrame.new(20.011719,0.214603,22.888184,0.050302,-0.017277,0.998585,-0.065781,0.997622,0.020574,-0.996565,-0.066722,0.049045),fov=32.738075,dt=0.013022},
	{cf=CFrame.new(20.171875,0.213469,22.861328,0.044495,-0.018105,0.998845,-0.063236,0.997780,0.020903,-0.997006,-0.064093,0.043251),fov=32.749557,dt=0.028743},
	{cf=CFrame.new(20.300781,0.212429,22.837402,0.039803,-0.017310,0.999058,-0.060335,0.997984,0.019695,-0.997384,-0.061062,0.038679),fov=32.754929,dt=0.020420},
	{cf=CFrame.new(20.417969,0.211305,22.812256,0.035283,-0.015417,0.999258,-0.056909,0.998227,0.017411,-0.997756,-0.057481,0.034343),fov=32.764973,dt=0.020919},
	{cf=CFrame.new(20.535156,0.210092,22.782715,0.031003,-0.012658,0.999439,-0.053161,0.998484,0.014295,-0.998105,-0.053575,0.030283),fov=32.769650,dt=0.016939},
	{cf=CFrame.new(20.644531,0.208811,22.754150,0.026958,-0.009509,0.999591,-0.049387,0.998721,0.010832,-0.998416,-0.049659,0.026454),fov=32.774109,dt=0.023381},
	{cf=CFrame.new(20.746094,0.207469,22.724121,0.023171,-0.006286,0.999712,-0.045811,0.998923,0.007342,-0.998681,-0.045968,0.022858),fov=32.778351,dt=0.023928},
	{cf=CFrame.new(20.847656,0.206070,22.688965,0.019660,-0.003304,0.999801,-0.042657,0.999081,0.004141,-0.998896,-0.042730,0.019501),fov=32.786201,dt=0.022011},
	{cf=CFrame.new(20.960938,0.204320,22.653076,0.015874,-0.000556,0.999874,-0.039815,0.999207,0.001188,-0.999081,-0.039829,0.015839),fov=32.789822,dt=0.022642},
	{cf=CFrame.new(21.050781,0.202822,22.617432,0.012935,0.001395,0.999915,-0.037795,0.999285,-0.000905,-0.999202,-0.037780,0.012978),fov=32.793262,dt=0.021337},
	{cf=CFrame.new(21.148438,0.200980,22.573975,0.009640,0.003523,0.999947,-0.035584,0.999362,-0.003178,-0.999320,-0.035551,0.009760),fov=32.799549,dt=0.024405},
	{cf=CFrame.new(21.226562,0.199417,22.537842,0.007080,0.005125,0.999962,-0.033909,0.999413,-0.004883,-0.999400,-0.033873,0.007250),fov=32.802425,dt=0.017708},
	{cf=CFrame.new(21.312500,0.197522,22.495850,0.004200,0.006870,0.999968,-0.032073,0.999463,-0.006732,-0.999477,-0.032043,0.004418),fov=32.807659,dt=0.027500},
	{cf=CFrame.new(21.410156,0.195298,22.440918,0.001138,0.008631,0.999962,-0.030193,0.999507,-0.008592,-0.999543,-0.030182,0.001398),fov=32.810028,dt=0.027480},
	{cf=CFrame.new(21.468750,0.193711,22.403076,-0.000894,0.009743,0.999952,-0.028986,0.999532,-0.009765,-0.999579,-0.028993,-0.000611),fov=32.812241,dt=0.019844},
	{cf=CFrame.new(21.535156,0.191823,22.359375,-0.003132,0.010895,0.999936,-0.027705,0.999556,-0.010978,-0.999611,-0.027737,-0.002829),fov=32.816216,dt=0.028690},
	{cf=CFrame.new(21.625000,0.189352,22.302002,-0.005845,0.012182,0.999909,-0.026217,0.999580,-0.012332,-0.999639,-0.026286,-0.005523),fov=32.819626,dt=0.030582},
	{cf=CFrame.new(21.675781,0.187544,22.257812,-0.007689,0.012974,0.999886,-0.025250,0.999595,-0.013164,-0.999651,-0.025348,-0.007358),fov=32.822502,dt=0.025510},
	{cf=CFrame.new(21.738281,0.185518,22.211670,-0.009620,0.013701,0.999860,-0.024283,0.999608,-0.013931,-0.999659,-0.024414,-0.009284),fov=32.823765,dt=0.029042},
	{cf=CFrame.new(21.781250,0.183859,22.172119,-0.011121,0.014188,0.999837,-0.023561,0.999618,-0.014447,-0.999660,-0.023717,-0.010782),fov=32.825947,dt=0.024830},
	{cf=CFrame.new(21.832031,0.181781,22.119629,-0.012909,0.014653,0.999809,-0.022729,0.999630,-0.014944,-0.999658,-0.022918,-0.012571),fov=32.827713,dt=0.032282},
	{cf=CFrame.new(21.867188,0.180342,22.085938,-0.014103,0.014880,0.999790,-0.022186,0.999638,-0.015190,-0.999654,-0.022396,-0.013768),fov=32.828461,dt=0.024465},
	{cf=CFrame.new(21.894531,0.179020,22.051025,-0.015183,0.015014,0.999772,-0.021696,0.999647,-0.015341,-0.999649,-0.021924,-0.014852),fov=32.829681,dt=0.024388},
	{cf=CFrame.new(21.914062,0.177827,22.020020,-0.016159,0.015066,0.999756,-0.021244,0.999655,-0.015408,-0.999644,-0.021487,-0.015833),fov=32.830185,dt=0.025220},
	{cf=CFrame.new(21.937500,0.176777,21.996094,-0.017040,0.015050,0.999741,-0.020814,0.999665,-0.015404,-0.999638,-0.021071,-0.016721),fov=32.830967,dt=0.024051},
	{cf=CFrame.new(21.953125,0.176022,21.976074,-0.017708,0.014991,0.999731,-0.020464,0.999673,-0.015352,-0.999634,-0.020730,-0.017395),fov=32.831268,dt=0.023148},
	{cf=CFrame.new(21.964844,0.175256,21.952881,-0.018446,0.014879,0.999719,-0.020040,0.999683,-0.015248,-0.999629,-0.020316,-0.018142),fov=32.831718,dt=0.026258},
	{cf=CFrame.new(21.972656,0.174770,21.938721,-0.019004,0.014754,0.999710,-0.019672,0.999692,-0.015128,-0.999626,-0.019954,-0.018708),fov=32.831871,dt=0.019025},
	{cf=CFrame.new(21.972656,0.174412,21.929688,-0.019524,0.014611,0.999703,-0.019283,0.999702,-0.014988,-0.999623,-0.019570,-0.019236),fov=32.831989,dt=0.019822},
	{cf=CFrame.new(21.976562,0.174187,21.919434,-0.020010,0.014457,0.999695,-0.018865,0.999712,-0.014835,-0.999622,-0.019156,-0.019731),fov=32.832066,dt=0.021486},
	{cf=CFrame.new(21.980469,0.174103,21.914307,-0.020468,0.014297,0.999688,-0.018411,0.999723,-0.014674,-0.999621,-0.018706,-0.020199),fov=32.832119,dt=0.020385},
	{cf=CFrame.new(21.984375,0.174103,21.912354,-0.020814,0.014062,0.999684,-0.017908,0.999735,-0.014435,-0.999623,-0.018202,-0.020556),fov=32.832153,dt=0.017592},
	{cf=CFrame.new(21.976562,0.174112,21.911133,-0.021216,0.013493,0.999684,-0.016972,0.999760,-0.013855,-0.999631,-0.017260,-0.020982),fov=32.832176,dt=0.020641},
	{cf=CFrame.new(21.968750,0.174133,21.909912,-0.021587,0.012715,0.999686,-0.015806,0.999790,-0.013057,-0.999642,-0.016083,-0.021381),fov=32.832176,dt=0.020576},
	{cf=CFrame.new(21.957031,0.174178,21.906250,-0.021924,0.011789,0.999690,-0.014487,0.999822,-0.012108,-0.999655,-0.014748,-0.021749),fov=32.788708,dt=0.020223},
	{cf=CFrame.new(21.933594,0.174237,21.906494,-0.022167,0.010983,0.999694,-0.013373,0.999847,-0.011281,-0.999665,-0.013619,-0.022016),fov=32.658188,dt=0.020807},
	{cf=CFrame.new(21.886719,0.174368,21.907715,-0.022482,0.009754,0.999700,-0.011711,0.999881,-0.010019,-0.999678,-0.011933,-0.022365),fov=32.134216,dt=0.022808},
	{cf=CFrame.new(21.843750,0.174494,21.908203,-0.022658,0.008973,0.999703,-0.010670,0.999901,-0.009217,-0.999686,-0.010876,-0.022560),fov=31.738758,dt=0.016920},
	{cf=CFrame.new(21.773438,0.174701,21.904541,-0.022835,0.008107,0.999706,-0.009529,0.999920,-0.008327,-0.999694,-0.009716,-0.022756),fov=31.251635,dt=0.022615},
	{cf=CFrame.new(21.683594,0.174964,21.907959,-0.022965,0.007418,0.999709,-0.008628,0.999934,-0.007618,-0.999699,-0.008801,-0.022899),fov=30.668983,dt=0.021223},
	{cf=CFrame.new(21.570312,0.175295,21.901611,-0.023043,0.006970,0.999710,-0.008046,0.999942,-0.007157,-0.999702,-0.008209,-0.022986),fov=29.185472,dt=0.019441},
	{cf=CFrame.new(19.042969,0.203713,21.815186,-0.014760,0.006963,0.999867,-0.016207,0.999843,-0.007202,-0.999760,-0.016312,-0.014645),fov=28.250935,dt=0.020918},
	{cf=CFrame.new(15.218750,0.248211,21.674561,-0.001634,0.007276,0.999972,-0.029396,0.999541,-0.007321,-0.999566,-0.029407,-0.001419),fov=27.134371,dt=0.024323},
	{cf=CFrame.new(13.375000,0.269630,21.608398,0.004687,0.007489,0.999961,-0.035740,0.999334,-0.007316,-0.999350,-0.035704,0.004951),fov=25.710419,dt=0.017592},
	{cf=CFrame.new(11.839844,0.287503,21.553223,0.009960,0.007696,0.999921,-0.041031,0.999131,-0.007281,-0.999108,-0.040955,0.010268),fov=24.065544,dt=0.031100},
	{cf=CFrame.new(10.828125,0.299307,21.517090,0.013442,0.007848,0.999879,-0.044525,0.998982,-0.007243,-0.998918,-0.044422,0.013778),fov=24.680531,dt=0.019429},
	{cf=CFrame.new(9.859375,0.310526,21.482666,0.016751,0.008004,0.999828,-0.047845,0.998829,-0.007195,-0.998714,-0.047717,0.017114),fov=25.529465,dt=0.024363},
	{cf=CFrame.new(9.222656,0.317947,21.458252,0.018939,0.008113,0.999788,-0.050041,0.998722,-0.007157,-0.998568,-0.049894,0.019321),fov=26.133114,dt=0.033370},
	{cf=CFrame.new(8.289062,0.328797,21.424072,0.022137,0.008281,0.999721,-0.053250,0.998556,-0.007093,-0.998336,-0.053078,0.022546),fov=26.583185,dt=0.030586},
	{cf=CFrame.new(8.035156,0.331752,21.414307,0.023007,0.008329,0.999701,-0.054124,0.998509,-0.007073,-0.998269,-0.053945,0.023424),fov=26.762247,dt=0.013978},
	{cf=CFrame.new(7.890625,0.333447,21.409668,0.023507,0.008357,0.999689,-0.054625,0.998482,-0.007062,-0.998230,-0.054442,0.023928),fov=26.762247,dt=0.012317},
	{cf=CFrame.new(7.738281,0.335207,21.403809,0.024026,0.008386,0.999676,-0.055146,0.998453,-0.007050,-0.998189,-0.054959,0.024452),fov=26.914089,dt=0.017599},
	{cf=CFrame.new(7.621094,0.336556,21.399170,0.024424,0.008408,0.999666,-0.055544,0.998431,-0.007040,-0.998157,-0.055354,0.024852),fov=27.040373,dt=0.018192},
	{cf=CFrame.new(7.593750,0.336873,21.400146,0.024517,0.008414,0.999664,-0.055640,0.998426,-0.007039,-0.998150,-0.055449,0.024946),fov=27.142313,dt=0.017492},
	{cf=CFrame.new(7.593750,0.342046,21.400146,0.025452,0.008944,0.999636,-0.059124,0.998223,-0.007426,-0.997926,-0.058914,0.025936),fov=27.276449,dt=0.020881},
	{cf=CFrame.new(7.593750,0.346831,21.410400,0.026981,0.009654,0.999589,-0.062936,0.997986,-0.007940,-0.997653,-0.062696,0.027534),fov=27.309683,dt=0.018588},
	{cf=CFrame.new(7.589844,0.349644,21.420654,0.029474,0.010229,0.999513,-0.065465,0.997820,-0.008281,-0.997419,-0.065189,0.030080),fov=27.320734,dt=0.016342},
	{cf=CFrame.new(7.589844,0.351634,21.436279,0.034095,0.010788,0.999360,-0.067372,0.997692,-0.008471,-0.997145,-0.067040,0.034744),fov=27.422400,dt=0.014975},
	{cf=CFrame.new(7.589844,0.352724,21.446533,0.039141,0.011189,0.999171,-0.068399,0.997622,-0.008492,-0.996890,-0.068010,0.039813),fov=27.422400,dt=0.013366},
	{cf=CFrame.new(7.589844,0.353719,21.465088,0.053596,0.013997,0.998465,-0.066250,0.997749,-0.010431,-0.996363,-0.065589,0.054402),fov=27.617418,dt=0.020553},
	{cf=CFrame.new(7.593750,0.354142,21.483643,0.074101,0.029536,0.996813,-0.047467,0.998533,-0.026058,-0.996120,-0.045384,0.075394),fov=27.710762,dt=0.024166},
	{cf=CFrame.new(7.585938,0.354249,21.504150,0.090411,0.049675,0.994665,-0.016902,0.998688,-0.048340,-0.995761,-0.012441,0.091132),fov=27.889130,dt=0.030011},
	{cf=CFrame.new(7.589844,0.354221,21.512451,0.088112,0.051925,0.994756,-0.005749,0.998650,-0.051619,-0.996094,-0.001170,0.088292),fov=27.974161,dt=0.020056},
	{cf=CFrame.new(7.589844,0.354079,21.524658,0.081461,0.051531,0.995343,0.004963,0.998629,-0.052107,-0.996664,0.009185,0.081093),fov=28.135962,dt=0.022701},
	{cf=CFrame.new(7.589844,0.353906,21.527832,0.076435,0.050008,0.995820,0.009297,0.998662,-0.050864,-0.997031,0.013146,0.075868),fov=28.135962,dt=0.010979},
	{cf=CFrame.new(7.589844,0.353561,21.536133,0.068725,0.047219,0.996517,0.014591,0.998725,-0.048330,-0.997529,0.017862,0.067949),fov=28.212757,dt=0.015878},
	{cf=CFrame.new(7.589844,0.353037,21.541260,0.059895,0.043597,0.997252,0.019471,0.998805,-0.044835,-0.998015,0.022103,0.058974),fov=28.286835,dt=0.016373},
	{cf=CFrame.new(7.593750,0.352098,21.554688,0.047775,0.038306,0.998123,0.025430,0.998894,-0.039553,-0.998534,0.027272,0.046748),fov=28.426928,dt=0.022802},
	{cf=CFrame.new(7.585938,0.351040,21.572021,0.037476,0.031588,0.998798,0.027948,0.999076,-0.032645,-0.998907,0.029138,0.036559),fov=28.492990,dt=0.017365},
	{cf=CFrame.new(7.589844,0.348829,21.604004,0.022812,0.022029,0.999497,0.027179,0.999374,-0.022646,-0.999370,0.027682,0.022199),fov=28.556429,dt=0.031249},
	{cf=CFrame.new(7.589844,0.346423,21.639893,0.012696,0.024647,0.999616,0.026943,0.999325,-0.024982,-0.999556,0.027250,0.012024),fov=28.617273,dt=0.016611},
	{cf=CFrame.new(7.589844,0.344037,21.675049,0.006751,0.035774,0.999337,0.027194,0.998984,-0.035945,-0.999607,0.027419,0.005771),fov=28.675564,dt=0.013116},
	{cf=CFrame.new(7.585938,0.341211,21.721191,0.002860,0.048603,0.998814,0.027493,0.998437,-0.048663,-0.999618,0.027600,0.001519),fov=28.731321,dt=0.015891},
	{cf=CFrame.new(7.589844,0.337903,21.773682,0.001153,0.056166,0.998421,0.027677,0.998037,-0.056176,-0.999616,0.027698,-0.000404),fov=28.835417,dt=0.027885},
	{cf=CFrame.new(7.589844,0.330750,21.873535,0.003943,0.052110,0.998634,0.028536,0.998229,-0.052202,-0.999585,0.028703,0.002449),fov=28.835417,dt=0.008774},
	{cf=CFrame.new(7.589844,0.323036,21.961914,0.006211,0.044704,0.998981,0.029606,0.998554,-0.044869,-0.999542,0.029855,0.004879),fov=28.883833,dt=0.018321},
	{cf=CFrame.new(7.585938,0.307988,22.131836,0.004974,0.036047,0.999338,0.030657,0.998875,-0.036183,-0.999518,0.030817,0.003863),fov=28.973604,dt=0.026886},
	{cf=CFrame.new(7.582031,0.292279,22.301514,-0.006350,0.036731,0.999305,0.031016,0.998852,-0.036517,-0.999499,0.030763,-0.007482),fov=29.015043,dt=0.013278},
	{cf=CFrame.new(7.582031,0.283717,22.393066,-0.017163,0.043914,0.998888,0.031553,0.998561,-0.043357,-0.999355,0.030774,-0.018524),fov=29.054256,dt=0.011474},
	{cf=CFrame.new(7.582031,0.274757,22.489746,-0.033471,0.063847,0.997398,0.033015,0.997483,-0.062745,-0.998894,0.030829,-0.035494),fov=29.091301,dt=0.018082},
	{cf=CFrame.new(7.578125,0.272417,22.510254,-0.038525,0.070666,0.996756,0.033583,0.997024,-0.069387,-0.998693,0.030801,-0.040783),fov=29.126219,dt=0.019789},
	{cf=CFrame.new(7.578125,0.272422,22.510254,-0.038574,0.069922,0.996806,0.033580,0.997076,-0.068641,-0.998691,0.030825,-0.040809),fov=29.159056,dt=0.023441},
	{cf=CFrame.new(7.578125,0.272560,22.510254,-0.038637,0.065626,0.997096,0.033558,0.997363,-0.064343,-0.998690,0.030975,-0.040737),fov=29.189882,dt=0.016051},
	{cf=CFrame.new(7.578125,0.272718,22.507080,-0.038655,0.062931,0.997269,0.033544,0.997534,-0.061647,-0.998689,0.031070,-0.040670),fov=29.218740,dt=0.009189},
	{cf=CFrame.new(7.578125,0.272951,22.507080,-0.038666,0.060080,0.997445,0.033529,0.997707,-0.058796,-0.998690,0.031170,-0.040591),fov=29.245699,dt=0.014228},
	{cf=CFrame.new(7.578125,0.273655,22.498779,-0.038659,0.055952,0.997685,0.033507,0.997942,-0.054668,-0.998691,0.031316,-0.040454),fov=29.270805,dt=0.019457},
	{cf=CFrame.new(7.578125,0.274494,22.493652,-0.038638,0.053790,0.997805,0.033495,0.998059,-0.052507,-0.998692,0.031392,-0.040365),fov=29.294128,dt=0.014857},
	{cf=CFrame.new(7.574219,0.275647,22.480225,-0.038592,0.053362,0.997829,0.033504,0.998081,-0.052080,-0.998693,0.031422,-0.040306),fov=29.315716,dt=0.016825},
	{cf=CFrame.new(7.574219,0.277166,22.464844,-0.038426,0.055093,0.997741,0.033576,0.997986,-0.053813,-0.998697,0.031433,-0.040198),fov=29.335642,dt=0.022275},
	{cf=CFrame.new(7.574219,0.278533,22.451416,-0.038140,0.057460,0.997619,0.033663,0.997853,-0.056187,-0.998705,0.031440,-0.039992),fov=29.353966,dt=0.012579},
	{cf=CFrame.new(7.574219,0.280806,22.429688,-0.037211,0.061608,0.997407,0.033747,0.997606,-0.060361,-0.998737,0.031413,-0.039201),fov=29.370760,dt=0.014551},
	{cf=CFrame.new(7.570312,0.282889,22.409180,-0.035908,0.064780,0.997253,0.033717,0.997407,-0.063576,-0.998786,0.031342,-0.037999),fov=29.370760,dt=0.012942},
	{cf=CFrame.new(7.570312,0.286081,22.375244,-0.033370,0.068391,0.997100,0.033514,0.997172,-0.067274,-0.998881,0.031172,-0.035567),fov=29.386068,dt=0.017121},
	{cf=CFrame.new(7.574219,0.289865,22.339355,-0.029569,0.070497,0.997074,0.033027,0.997034,-0.069515,-0.999017,0.030875,-0.031810),fov=29.399973,dt=0.016184},
	{cf=CFrame.new(7.578125,0.298874,22.269531,-0.010080,0.063817,0.997911,0.024779,0.997671,-0.063551,-0.999642,0.024087,-0.011638),fov=29.412523,dt=0.017582},
	{cf=CFrame.new(7.589844,0.315379,22.172119,0.034872,0.045430,0.998359,0.002570,0.998959,-0.045547,-0.999388,0.004154,0.034719),fov=29.433872,dt=0.020309},
	{cf=CFrame.new(7.601562,0.333832,22.103516,0.084206,0.039008,0.995684,-0.033576,0.998777,-0.036290,-0.995882,-0.030375,0.085413),fov=29.442799,dt=0.014026},
	{cf=CFrame.new(7.597656,0.349038,22.091309,0.110327,0.037911,0.993172,-0.049255,0.998253,-0.032633,-0.992674,-0.045318,0.112002),fov=29.442799,dt=0.013153},
	{cf=CFrame.new(7.597656,0.360744,22.091309,0.122236,0.037189,0.991804,-0.054126,0.998060,-0.030753,-0.991024,-0.049924,0.124012),fov=29.450645,dt=0.019802},
	{cf=CFrame.new(7.597656,0.369581,22.093262,0.127297,0.036899,0.991178,-0.056191,0.997971,-0.029936,-0.990272,-0.051884,0.129112),fov=29.457489,dt=0.013443},
	{cf=CFrame.new(7.601562,0.376032,22.096436,0.128560,0.036828,0.991018,-0.056705,0.997948,-0.029730,-0.990079,-0.052374,0.130384),fov=29.468428,dt=0.020887},
	{cf=CFrame.new(7.601562,0.380572,22.103516,0.127376,0.036768,0.991173,-0.056724,0.997947,-0.029730,-0.990231,-0.052437,0.129200),fov=29.468428,dt=0.012674},
	{cf=CFrame.new(7.597656,0.383682,22.108643,0.123434,0.036527,0.991680,-0.056569,0.997956,-0.029717,-0.990739,-0.052430,0.125248),fov=29.472649,dt=0.016769},
	{cf=CFrame.new(7.597656,0.385839,22.116943,0.117194,0.035966,0.992457,-0.056196,0.997983,-0.029530,-0.991518,-0.052311,0.118979),fov=29.478985,dt=0.021065},
	{cf=CFrame.new(7.597656,0.387923,22.132324,0.107495,0.034678,0.993601,-0.055327,0.998051,-0.028848,-0.992665,-0.051872,0.109204),fov=29.481220,dt=0.015946},
	{cf=CFrame.new(7.597656,0.389213,22.147705,0.101188,0.033385,0.994307,-0.054446,0.998125,-0.027973,-0.993376,-0.051306,0.102816),fov=29.481220,dt=0.014067},
	{cf=CFrame.new(7.593750,0.391385,22.168213,0.093106,0.031123,0.995170,-0.052900,0.998254,-0.026271,-0.994250,-0.050198,0.094590),fov=29.482941,dt=0.014878},
	{cf=CFrame.new(7.593750,0.394518,22.193848,0.086098,0.028052,0.995892,-0.050793,0.998427,-0.023732,-0.994991,-0.048541,0.087388),fov=29.484200,dt=0.017706},
	{cf=CFrame.new(7.593750,0.400336,22.232910,0.079868,0.022986,0.996540,-0.047309,0.998695,-0.019244,-0.995682,-0.045608,0.080851),fov=29.485075,dt=0.018974},
	{cf=CFrame.new(7.589844,0.405588,22.260498,0.078674,0.018978,0.996720,-0.044538,0.998887,-0.015504,-0.995905,-0.043172,0.079431),fov=29.485638,dt=0.014309},
	{cf=CFrame.new(7.585938,0.414289,22.312988,0.079724,0.010047,0.996766,-0.043040,0.999051,-0.006628,-0.995887,-0.042372,0.080081),fov=29.485954,dt=0.016018},
	{cf=CFrame.new(7.578125,0.424653,22.384766,0.081595,0.002159,0.996663,-0.043801,0.999039,0.001422,-0.995703,-0.043771,0.081611),fov=29.486097,dt=0.015298},
	{cf=CFrame.new(7.578125,0.435690,22.475098,0.062351,0.008108,0.998021,-0.042942,0.999063,-0.005433,-0.997130,-0.042518,0.062640),fov=29.486137,dt=0.017616},
	{cf=CFrame.new(7.574219,0.446347,22.563477,0.036078,0.018919,0.999170,-0.041598,0.998983,-0.017414,-0.998483,-0.040936,0.036828),fov=29.486137,dt=0.015609},
	{cf=CFrame.new(7.566406,0.455570,22.643799,0.032439,0.022319,0.999224,-0.042034,0.998897,-0.020947,-0.998589,-0.041322,0.033342),fov=29.486179,dt=0.016802},
	{cf=CFrame.new(7.566406,0.462307,22.708496,0.039413,0.022792,0.998963,-0.042734,0.998864,-0.021103,-0.998309,-0.041858,0.040342),fov=29.486322,dt=0.016582},
	{cf=CFrame.new(7.570312,0.465505,22.735352,0.046369,0.022946,0.998661,-0.043035,0.998854,-0.020953,-0.997997,-0.042006,0.047303),fov=29.486639,dt=0.016633},
	{cf=CFrame.new(7.562500,0.465253,22.718750,0.050204,0.021903,0.998499,-0.041890,0.998926,-0.019806,-0.997860,-0.040832,0.051068),fov=29.487198,dt=0.016920},
	{cf=CFrame.new(7.570312,0.462891,22.655273,0.051807,0.018974,0.998477,-0.038268,0.999123,-0.017001,-0.997923,-0.037329,0.052488),fov=29.488077,dt=0.016267},
	{cf=CFrame.new(7.578125,0.459333,22.554443,0.052300,0.015168,0.998516,-0.032581,0.999378,-0.013475,-0.998100,-0.031828,0.052762),fov=29.489342,dt=0.017183},
	{cf=CFrame.new(7.585938,0.455264,22.435303,0.052544,0.011992,0.998547,-0.025676,0.999614,-0.010654,-0.998288,-0.025079,0.052832),fov=29.491056,dt=0.016735},
	{cf=CFrame.new(7.593750,0.451368,22.303955,0.053429,0.010944,0.998512,-0.018397,0.999781,-0.009973,-0.998402,-0.017837,0.053618),fov=29.493303,dt=0.017128},
	{cf=CFrame.new(7.601562,0.448325,22.180908,0.055867,0.013510,0.998347,-0.011594,0.999850,-0.012882,-0.998371,-0.010855,0.056015),fov=29.496136,dt=0.015747},
	{cf=CFrame.new(7.613281,0.446820,22.080322,0.065727,0.019553,0.997646,-0.008634,0.999782,-0.019026,-0.997800,-0.007364,0.065881),fov=29.499638,dt=0.020235},
	{cf=CFrame.new(7.617188,0.451128,22.011719,0.064431,0.019920,0.997723,-0.012259,0.999741,-0.019169,-0.997847,-0.010996,0.064658),fov=29.503872,dt=0.013419},
	{cf=CFrame.new(7.625000,0.464706,21.970459,0.055028,0.014018,0.998386,-0.020577,0.999705,-0.012902,-0.998273,-0.019834,0.055300),fov=29.508915,dt=0.017799},
	{cf=CFrame.new(7.628906,0.485758,21.946045,0.048130,0.007285,0.998814,-0.031696,0.999481,-0.005763,-0.998338,-0.031381,0.048336),fov=29.514839,dt=0.017482},
	{cf=CFrame.new(7.636719,0.510956,21.921631,0.049331,0.004922,0.998770,-0.044060,0.999025,-0.002747,-0.997810,-0.043871,0.049500),fov=29.521713,dt=0.016809},
	{cf=CFrame.new(7.640625,0.536981,21.885742,0.056337,0.007261,0.998385,-0.056419,0.998399,-0.004078,-0.996816,-0.056098,0.056657),fov=29.529598,dt=0.015110},
	{cf=CFrame.new(7.644531,0.560509,21.824219,0.065644,0.011958,0.997771,-0.067735,0.997675,-0.007500,-0.995541,-0.067092,0.066302),fov=29.538582,dt=0.015940},
	{cf=CFrame.new(7.644531,0.578219,21.727539,0.074123,0.016207,0.997117,-0.076962,0.996979,-0.010483,-0.994275,-0.075963,0.075146),fov=29.548729,dt=0.017862},
	{cf=CFrame.new(7.644531,0.586787,21.578369,0.078712,0.017132,0.996750,-0.082996,0.996494,-0.010574,-0.993437,-0.081894,0.079858),fov=29.560106,dt=0.016205},
	{cf=CFrame.new(7.644531,0.586711,21.368164,0.079472,0.013416,0.996747,-0.085820,0.996289,-0.006567,-0.993136,-0.085019,0.080329),fov=29.572802,dt=0.016972},
	{cf=CFrame.new(7.632812,0.581992,21.101318,0.078001,0.006668,0.996931,-0.086675,0.996237,0.000118,-0.993178,-0.086418,0.078285),fov=29.586880,dt=0.015432},
	{cf=CFrame.new(7.625000,0.574675,20.797119,0.073219,-0.001092,0.997315,-0.086457,0.996228,0.007438,-0.993561,-0.086769,0.072848),fov=29.602404,dt=0.016468},
	{cf=CFrame.new(7.609375,0.565918,20.489990,0.063113,-0.007969,0.997975,-0.085861,0.996217,0.013385,-0.994306,-0.086532,0.062190),fov=29.619473,dt=0.017467},
	{cf=CFrame.new(7.593750,0.556873,20.197998,0.045667,-0.012067,0.998884,-0.085553,0.996206,0.015946,-0.995286,-0.086186,0.044461),fov=29.638151,dt=0.020154},
	{cf=CFrame.new(7.578125,0.548695,19.948486,0.016515,-0.013736,0.999769,-0.085792,0.996199,0.015104,-0.996176,-0.086022,0.015273),fov=29.658506,dt=0.014541},
	{cf=CFrame.new(7.570312,0.542540,19.768066,-0.017846,-0.014453,0.999736,-0.085976,0.996214,0.012867,-0.996137,-0.085724,-0.019021),fov=29.680634,dt=0.016023},
	{cf=CFrame.new(7.562500,0.539037,19.671875,-0.042973,-0.013481,0.998985,-0.085077,0.996326,0.009785,-0.995447,-0.084570,-0.043962),fov=29.730478,dt=0.020259},
	{cf=CFrame.new(7.562500,0.539116,19.671875,-0.038658,-0.009823,0.999204,-0.082488,0.996570,0.006605,-0.995842,-0.082167,-0.039335),fov=29.730478,dt=0.014769},
	{cf=CFrame.new(7.566406,0.539527,19.675049,-0.030469,-0.004964,0.999523,-0.080284,0.996769,0.002502,-0.996306,-0.080169,-0.030769),fov=29.758362,dt=0.016090},
	{cf=CFrame.new(7.566406,0.540781,19.690674,-0.017095,0.003851,0.999846,-0.078810,0.996876,-0.005187,-0.996743,-0.078886,-0.016738),fov=29.788330,dt=0.018496},
	{cf=CFrame.new(7.570312,0.544055,19.725830,0.000473,0.019328,0.999813,-0.081850,0.996459,-0.019225,-0.996644,-0.081826,0.002053),fov=29.854862,dt=0.018392},
	{cf=CFrame.new(7.570312,0.547637,19.764893,0.008255,0.032018,0.999453,-0.089128,0.995533,-0.031156,-0.995986,-0.088822,0.011072),fov=29.854862,dt=0.011175},
	{cf=CFrame.new(7.574219,0.554178,19.839111,0.013103,0.052102,0.998556,-0.105279,0.993163,-0.050439,-0.994356,-0.104466,0.018498),fov=29.891590,dt=0.017396},
	{cf=CFrame.new(7.578125,0.563420,19.940186,0.009231,0.054723,0.998459,-0.154319,0.986618,-0.052647,-0.987978,-0.153595,0.017552),fov=29.930752,dt=0.016219},
	{cf=CFrame.new(7.582031,0.575835,20.079102,-0.001070,0.041710,0.999129,-0.204512,0.978003,-0.041047,-0.978863,-0.204378,0.007484),fov=29.972424,dt=0.016181},
	{cf=CFrame.new(7.589844,0.591894,20.254639,-0.015465,0.031672,0.999379,-0.209439,0.977223,-0.034210,-0.977699,-0.209838,-0.008479),fov=30.016718,dt=0.019914},
	{cf=CFrame.new(7.597656,0.612060,20.479248,-0.032184,0.014074,0.999383,-0.183121,0.982892,-0.019739,-0.982563,-0.183643,-0.029056),fov=30.166206,dt=0.035210},
	{cf=CFrame.new(7.644531,0.663612,20.980225,-0.066054,-0.038995,0.997054,-0.082199,0.996052,0.033510,-0.994424,-0.079744,-0.068999),fov=30.166206,dt=0.008163},
	{cf=CFrame.new(7.660156,0.680546,21.136230,-0.076826,-0.055054,0.995523,-0.047824,0.997529,0.051474,-0.995897,-0.043655,-0.079269),fov=30.221920,dt=0.009151},
	{cf=CFrame.new(7.699219,0.714367,21.581543,-0.097395,-0.080519,0.991983,0.025747,0.996184,0.083388,-0.994913,0.033662,-0.094951),fov=30.280731,dt=0.025939},
	{cf=CFrame.new(7.710938,0.719528,21.967773,-0.090528,-0.075948,0.992994,0.047689,0.995613,0.080496,-0.994751,0.054642,-0.086509),fov=30.408127,dt=0.026757},
	{cf=CFrame.new(7.710938,0.714906,22.157227,-0.062893,-0.072024,0.995418,0.052441,0.995776,0.075363,-0.996641,0.056940,-0.058851),fov=30.476940,dt=0.024797},
	{cf=CFrame.new(7.707031,0.697784,22.274414,-0.030940,-0.069709,0.997087,0.052813,0.996058,0.071276,-0.998125,0.054865,-0.027137),fov=30.625376,dt=0.028539},
	{cf=CFrame.new(7.710938,0.668991,22.321777,-0.015920,-0.066454,0.997662,0.049802,0.996498,0.067171,-0.998632,0.050755,-0.012555),fov=30.789074,dt=0.026648},
	{cf=CFrame.new(7.710938,0.598871,22.379395,-0.004601,-0.057587,0.998330,0.041570,0.997466,0.057729,-0.999125,0.041766,-0.002195),fov=30.969109,dt=0.034201},
	{cf=CFrame.new(7.707031,0.531429,22.450439,-0.000364,-0.049565,0.998771,0.034670,0.998170,0.049547,-0.999399,0.034646,0.001355),fov=31.065605,dt=0.021034},
	{cf=CFrame.new(7.707031,0.424502,22.599854,0.002710,-0.037865,0.999279,0.025373,0.998964,0.037785,-0.999674,0.025252,0.003668),fov=31.166624,dt=0.022426},
	{cf=CFrame.new(7.707031,0.310859,22.806641,0.003994,-0.026528,0.999640,0.017173,0.999503,0.026455,-0.999845,0.017061,0.004448),fov=31.382879,dt=0.024781},
	{cf=CFrame.new(7.710938,0.135025,23.196777,0.004462,-0.010912,0.999930,0.007363,0.999914,0.010879,-0.999963,0.007314,0.004542),fov=31.498444,dt=0.024700},
	{cf=CFrame.new(3.656250,-0.197414,24.697021,-0.339961,0.001225,0.940439,0.001709,0.999998,-0.000685,-0.940438,0.001375,-0.339963),fov=31.745371,dt=0.022998},
	{cf=CFrame.new(2.316406,-0.295196,25.269287,-0.578362,-0.000136,0.815780,0.004648,0.999983,0.003462,-0.815767,0.005794,-0.578352),fov=31.877102,dt=0.022112},
	{cf=CFrame.new(2.332031,-0.301732,25.358154,-0.594019,-0.001763,0.804449,0.006468,0.999955,0.006967,-0.804425,0.009342,-0.593981),fov=32.014637,dt=0.016852},
	{cf=CFrame.new(2.339844,-0.306236,25.421387,-0.599774,-0.001197,0.800168,0.006698,0.999956,0.006516,-0.800141,0.009268,-0.599740),fov=34.936485,dt=0.012654},
	{cf=CFrame.new(2.367188,-0.312756,25.506836,-0.616990,0.001553,0.786969,0.007904,0.999960,0.004223,-0.786931,0.008826,-0.616978),fov=35.628277,dt=0.020987},
	{cf=CFrame.new(2.414062,-0.319385,25.595947,-0.641432,0.006467,0.767153,0.010169,0.999948,0.000073,-0.767112,0.007848,-0.641465),fov=36.185684,dt=0.022937},
	{cf=CFrame.new(2.453125,-0.323991,25.661377,-0.660129,0.011294,0.751067,0.012477,0.999914,-0.004070,-0.751048,0.006685,-0.660213),fov=36.930065,dt=0.026928},
	{cf=CFrame.new(2.539062,-0.330191,25.745117,-0.675218,0.019847,0.737351,0.016484,0.999794,-0.011817,-0.737433,0.004175,-0.675407),fov=37.274414,dt=0.031075},
	{cf=CFrame.new(2.613281,-0.333586,25.791016,-0.676134,0.025174,0.736349,0.018662,0.999681,-0.017040,-0.736542,0.002220,-0.676388),fov=37.366817,dt=0.029837},
	{cf=CFrame.new(2.683594,-0.335832,25.819580,-0.676730,0.029120,0.735655,0.019967,0.999576,-0.021199,-0.735960,0.000343,-0.677025),fov=37.297550,dt=0.036449},
	{cf=CFrame.new(2.761719,-0.337384,25.844238,-0.677137,0.032285,0.735148,0.020724,0.999478,-0.024804,-0.735565,-0.001560,-0.677452),fov=36.750477,dt=0.030069},
	{cf=CFrame.new(2.835938,-0.338113,25.851074,-0.677325,0.034192,0.734889,0.020939,0.999411,-0.027200,-0.735386,-0.003035,-0.677642),fov=35.764217,dt=0.032990},
	{cf=CFrame.new(2.894531,-0.338343,25.855469,-0.677383,0.035145,0.734791,0.020890,0.999375,-0.028542,-0.735334,-0.003984,-0.677693),fov=34.467289,dt=0.043003},
	{cf=CFrame.new(2.941406,-0.338165,25.854248,-0.677334,0.034625,0.734860,0.021450,0.999396,-0.027318,-0.735363,-0.002741,-0.677668),fov=32.984550,dt=0.037606},
	{cf=CFrame.new(2.980469,-0.335999,25.857666,-0.676784,0.032201,0.735477,0.023576,0.999479,-0.022065,-0.735804,0.002406,-0.677191),fov=30.641945,dt=0.041192},
	{cf=CFrame.new(3.019531,-0.332618,25.859131,-0.675939,0.030116,0.736342,0.025193,0.999525,-0.017754,-0.736526,0.006550,-0.676377),fov=29.144859,dt=0.028069},
	{cf=CFrame.new(3.183594,-0.316731,25.868896,-0.671983,0.024896,0.740148,0.028216,0.999570,-0.008004,-0.740029,0.015506,-0.672396),fov=27.224873,dt=0.051356},
	{cf=CFrame.new(3.511719,-0.287113,25.883545,-0.664560,0.020406,0.746956,0.028619,0.999589,-0.001845,-0.746687,0.020152,-0.664870),fov=26.244778,dt=0.048140},
	{cf=CFrame.new(9.125000,0.112855,27.311035,-0.003948,-0.000536,0.999992,-0.027330,0.999626,0.000428,-0.999619,-0.027328,-0.003961),fov=25.179670,dt=0.052002},
	{cf=CFrame.new(9.132812,0.106196,28.459961,-0.004198,-0.000295,0.999991,-0.059653,0.998219,0.000044,-0.998210,-0.059652,-0.004208),fov=84.688255,dt=0.049022},
	{cf=CFrame.new(9.136719,0.095392,28.953125,-0.003233,-0.007508,0.999967,-0.050809,0.998681,0.007334,-0.998703,-0.050784,-0.003610),fov=84.195274,dt=0.059330},
	{cf=CFrame.new(9.136719,0.070715,29.322754,-0.001668,-0.031072,0.999516,-0.000232,0.999517,0.031071,-0.999998,-0.000180,-0.001675),fov=83.373642,dt=0.085500},
	{cf=CFrame.new(9.136719,0.051950,29.524414,-0.001885,-0.031059,0.999516,0.006805,0.999494,0.031071,-0.999975,0.006860,-0.001673),fov=83.044998,dt=0.028316},
	{cf=CFrame.new(9.136719,0.041886,29.687012,-0.001974,-0.031055,0.999516,0.008653,0.999480,0.031071,-0.999961,0.008710,-0.001705),fov=83.044998,dt=0.006883},
	{cf=CFrame.new(9.140625,0.035730,29.807617,-0.002022,-0.031053,0.999516,0.009448,0.999472,0.031071,-0.999953,0.009507,-0.001728),fov=82.880661,dt=0.013328},
	{cf=CFrame.new(9.140625,0.025755,30.073242,-0.002085,-0.031052,0.999516,0.010174,0.999465,0.031071,-0.999946,0.010234,-0.001768),fov=82.552010,dt=0.028510},
	{cf=CFrame.new(9.140625,0.014242,30.622803,-0.002143,-0.031050,0.999516,0.010551,0.999461,0.031071,-0.999942,0.010613,-0.001815),fov=82.059029,dt=0.049158},
	{cf=CFrame.new(9.144531,0.014641,31.263184,0.009243,-0.026377,0.999609,-0.028602,0.999236,0.026632,-0.999548,-0.028837,0.008481),fov=81.730377,dt=0.031082},
	{cf=CFrame.new(9.144531,0.015441,31.398926,0.014445,-0.024271,0.999601,-0.045036,0.998675,0.024899,-0.998881,-0.045378,0.013333),fov=81.401718,dt=0.031526},
	{cf=CFrame.new(9.140625,0.017776,31.684082,0.024295,-0.021131,0.999481,-0.067639,0.997451,0.022733,-0.997414,-0.068156,0.022804),fov=81.401718,dt=0.010132},
	{cf=CFrame.new(9.144531,0.020034,31.902344,0.026524,-0.027455,0.999271,-0.035285,0.998974,0.028384,-0.999025,-0.036012,0.025528),fov=81.237396,dt=0.021520},
	{cf=CFrame.new(9.144531,0.021874,32.080322,0.027166,-0.030477,0.999166,0.000607,0.999536,0.030472,-0.999631,-0.000221,0.027172),fov=80.908745,dt=0.029974},
	{cf=CFrame.new(9.144531,0.025000,32.470459,0.035939,-0.023191,0.999085,0.031850,0.999250,0.022049,-0.998846,0.031029,0.036651),fov=80.415764,dt=0.053770},
	{cf=CFrame.new(9.140625,0.026169,32.737061,0.043935,-0.021587,0.998801,0.038692,0.999053,0.019890,-0.998285,0.037772,0.044729),fov=80.087120,dt=0.027631},
	{cf=CFrame.new(9.140625,0.026961,32.935547,0.048495,-0.020924,0.998604,0.040725,0.998991,0.018955,-0.997993,0.039749,0.049298),fov=79.922791,dt=0.006385},
	{cf=CFrame.new(9.132812,0.027544,33.057861,0.050245,-0.020339,0.998530,0.041624,0.998967,0.018253,-0.997869,0.040645,0.051039),fov=79.922791,dt=0.011939},
	{cf=CFrame.new(9.125000,0.029571,33.352051,0.051035,-0.016776,0.998556,0.043601,0.998943,0.014554,-0.997745,0.042795,0.051712),fov=79.594131,dt=0.028127},
	{cf=CFrame.new(9.113281,0.033285,33.658203,0.049048,-0.009049,0.998755,0.043801,0.999016,0.006901,-0.997835,0.043408,0.049396),fov=79.265480,dt=0.038523},
	{cf=CFrame.new(9.097656,0.042751,34.107422,0.036792,-0.005401,0.999308,0.043213,0.999059,0.003809,-0.998388,0.043043,0.036990),fov=78.772499,dt=0.051262},
	{cf=CFrame.new(9.085938,0.053233,34.432129,0.026075,-0.031622,0.999160,0.046945,0.998436,0.030374,-0.998557,0.046113,0.027519),fov=78.279518,dt=0.038546},
	{cf=CFrame.new(9.074219,0.077706,34.811523,0.035798,-0.050746,0.998070,0.060914,0.996964,0.048505,-0.997501,0.059060,0.038781),fov=78.279518,dt=0.007847},
	{cf=CFrame.new(9.070312,0.086526,34.913330,0.040541,-0.053537,0.997743,0.063063,0.996710,0.050919,-0.997186,0.060856,0.043784),fov=78.115189,dt=0.007858},
	{cf=CFrame.new(9.062500,0.114636,35.235107,0.054838,-0.059833,0.996701,0.068049,0.996106,0.056053,-0.996174,0.064751,0.058697),fov=77.950859,dt=0.027459},
	{cf=CFrame.new(9.046875,0.152262,35.737793,0.065178,-0.062128,0.995938,0.070056,0.995882,0.057540,-0.995411,0.066021,0.069262),fov=77.457878,dt=0.038348},
	{cf=CFrame.new(9.023438,0.183668,36.625244,0.025735,-0.026135,0.999327,0.058467,0.997986,0.024594,-0.997958,0.057795,0.027211),fov=76.964905,dt=0.056166},
	{cf=CFrame.new(9.003906,0.194852,37.267822,0.026705,-0.021672,0.999408,0.014362,0.999670,0.021294,-0.999540,0.013784,0.027008),fov=76.636246,dt=0.029411},
	{cf=CFrame.new(8.988281,0.215616,37.772705,0.027688,-0.024695,0.999311,-0.026744,0.999319,0.025436,-0.999259,-0.027430,0.027009),fov=76.636246,dt=0.006139},
	{cf=CFrame.new(8.988281,0.222817,37.842529,0.027886,-0.025400,0.999288,-0.031688,0.999152,0.026281,-0.999109,-0.032398,0.027058),fov=76.636246,dt=0.006936},
	{cf=CFrame.new(8.980469,0.267278,38.126221,0.028797,-0.028161,0.999188,-0.050353,0.998293,0.029587,-0.998316,-0.051165,0.027330),fov=76.307594,dt=0.020010},
	{cf=CFrame.new(8.972656,0.340655,38.279541,0.029312,-0.032369,0.999046,-0.030065,0.998995,0.033250,-0.999118,-0.031011,0.028309),fov=76.143265,dt=0.021863},
	{cf=CFrame.new(8.964844,0.424259,38.348145,0.028726,-0.042837,0.998669,0.038184,0.998399,0.041727,-0.998858,0.036934,0.030315),fov=75.814613,dt=0.027754},
	{cf=CFrame.new(8.945312,0.416669,38.830078,0.028633,-0.056658,0.997983,0.071230,0.995970,0.054500,-0.997049,0.069526,0.032553),fov=75.321640,dt=0.052299},
	{cf=CFrame.new(8.925781,0.313465,39.606445,0.029889,-0.069842,0.997110,0.062265,0.995749,0.067880,-0.997612,0.060056,0.034110),fov=75.157310,dt=0.023786},
	{cf=CFrame.new(8.914062,0.268073,39.989014,0.031239,-0.075069,0.996689,0.057768,0.995644,0.073179,-0.997841,0.055291,0.035440),fov=74.828644,dt=0.032268},
	{cf=CFrame.new(8.906250,0.228448,40.510254,0.034746,-0.079527,0.996227,0.053781,0.995533,0.077596,-0.997948,0.050882,0.038868),fov=74.664330,dt=0.006610},
	{cf=CFrame.new(8.898438,0.222120,40.736572,0.037200,-0.079717,0.996123,0.052972,0.995569,0.077694,-0.997903,0.049876,0.041258),fov=74.664330,dt=0.014881},
	{cf=CFrame.new(8.894531,0.222894,41.031738,0.042715,-0.075083,0.996262,0.051283,0.996022,0.072866,-0.997770,0.047979,0.046395),fov=74.335670,dt=0.026801},
	{cf=CFrame.new(8.882812,0.225818,41.492432,0.055374,-0.054832,0.996959,0.043604,0.997671,0.052449,-0.997513,0.040568,0.057636),fov=73.842697,dt=0.045745},
	{cf=CFrame.new(8.863281,0.228501,42.118408,0.068270,-0.027746,0.997281,0.033458,0.999115,0.025507,-0.997106,0.031625,0.069138),fov=73.678368,dt=0.022959},
	{cf=CFrame.new(8.843750,0.228786,42.431885,0.071877,-0.019181,0.997229,0.030411,0.999392,0.017030,-0.996950,0.029103,0.072417),fov=73.349709,dt=0.026788},
	{cf=CFrame.new(8.800781,0.138110,43.371826,0.078103,-0.003214,0.996940,0.025332,0.999678,0.001239,-0.996623,0.025158,0.078159),fov=73.185387,dt=0.015951},
	{cf=CFrame.new(8.781250,0.062681,43.828125,0.079570,0.001051,0.996829,0.024436,0.999697,-0.003005,-0.996530,0.024597,0.079520),fov=73.185387,dt=0.011267},
	{cf=CFrame.new(8.746094,-0.059870,44.577148,0.068464,-0.001042,0.997653,0.029763,0.999556,-0.000999,-0.997209,0.029761,0.068465),fov=73.021065,dt=0.018697},
	{cf=CFrame.new(8.722656,-0.149185,45.215332,0.038879,-0.013527,0.999152,0.043467,0.998985,0.011833,-0.998298,0.042970,0.039428),fov=72.692406,dt=0.028706},
	{cf=CFrame.new(8.703125,-0.263567,45.854736,0.033874,-0.019800,0.999230,0.050272,0.998572,0.018082,-0.998161,0.049620,0.034821),fov=72.199425,dt=0.045208},
	{cf=CFrame.new(8.691406,-0.323412,46.156006,0.035621,-0.019884,0.999167,0.052316,0.998468,0.018005,-0.997995,0.051631,0.036607),fov=71.870773,dt=0.026472},
	{cf=CFrame.new(8.691406,-0.315309,46.268066,0.035665,-0.019378,0.999176,0.052815,0.998451,0.017479,-0.997967,0.052148,0.036633),fov=71.706444,dt=0.027764},
	{cf=CFrame.new(8.679688,-0.227368,46.514648,0.034812,-0.018182,0.999228,0.053635,0.998428,0.016299,-0.997954,0.053026,0.035733),fov=71.542130,dt=0.008131},
	{cf=CFrame.new(8.671875,-0.122866,46.742920,0.033791,-0.017226,0.999280,0.054146,0.998415,0.015380,-0.997961,0.053587,0.034671),fov=71.377800,dt=0.014611},
	{cf=CFrame.new(8.656250,-0.035050,47.035645,0.032932,-0.016521,0.999321,0.054476,0.998407,0.014710,-0.997972,0.053955,0.033780),fov=71.213463,dt=0.019390},
	{cf=CFrame.new(8.648438,-0.023288,47.241455,0.034678,-0.017227,0.999250,0.054415,0.998401,0.015324,-0.997916,0.053843,0.035560),fov=71.049141,dt=0.026220},
	{cf=CFrame.new(8.625000,-0.027251,47.842285,0.055179,-0.026345,0.998129,0.053748,0.998281,0.023378,-0.997029,0.052358,0.056500),fov=70.556160,dt=0.053139},
	{cf=CFrame.new(8.601562,-0.040332,48.677246,0.073392,-0.035520,0.996670,0.054365,0.998022,0.031564,-0.995820,0.051868,0.075178),fov=70.227509,dt=0.023743},
	{cf=CFrame.new(8.585938,-0.047968,49.093750,0.076181,-0.037570,0.996386,0.055105,0.997921,0.033415,-0.995570,0.052360,0.078093),fov=64.364708,dt=0.027861},
	{cf=CFrame.new(8.562500,-0.096165,50.121826,0.066582,-0.036605,0.997109,0.059849,0.997674,0.032629,-0.995984,0.057504,0.068618),fov=64.364708,dt=0.008235},
	{cf=CFrame.new(8.546875,-0.161478,50.752197,0.044480,-0.031232,0.998522,0.066338,0.997397,0.028242,-0.996805,0.064984,0.046436),fov=58.666225,dt=0.021204},
	{cf=CFrame.new(8.535156,-0.176574,50.980469,0.011203,-0.032721,0.999402,0.072015,0.996895,0.031831,-0.997341,0.071615,0.013525),fov=39.254097,dt=0.060475},
	{cf=CFrame.new(8.535156,-0.135985,50.883789,0.006943,-0.041834,0.999100,0.068551,0.996794,0.041261,-0.997623,0.068203,0.009789),fov=44.243248,dt=0.042920},
	{cf=CFrame.new(8.535156,-0.129246,50.870361,0.008189,-0.044153,0.998991,0.060629,0.997209,0.043577,-0.998127,0.060211,0.010843),fov=48.225487,dt=0.042613},
	{cf=CFrame.new(8.535156,-0.123999,50.865234,0.011486,-0.042911,0.999013,0.047308,0.997983,0.042323,-0.998814,0.046775,0.013493),fov=49.612541,dt=0.050748},
	{cf=CFrame.new(8.535156,-0.121306,50.861816,0.015191,-0.039806,0.999092,0.033811,0.998656,0.039275,-0.999313,0.033184,0.016516),fov=50.046711,dt=0.042578},
	{cf=CFrame.new(8.539062,-0.119963,50.859863,0.018871,-0.036420,0.999158,0.020324,0.999144,0.036035,-0.999615,0.019627,0.019595),fov=50.080402,dt=0.050869},
	{cf=CFrame.new(8.535156,-0.119637,50.844482,0.021000,-0.035235,0.999158,0.011467,0.999322,0.035000,-0.999714,0.010723,0.021390),fov=50.317440,dt=0.047946},
	{cf=CFrame.new(8.535156,-0.122906,50.754883,0.014153,-0.036583,0.999230,0.007831,0.999304,0.036475,-0.999869,0.007309,0.014430),fov=51.392864,dt=0.053432},
	{cf=CFrame.new(8.511719,-0.144356,50.267090,-0.038934,-0.037998,0.998519,0.005109,0.999256,0.038226,-0.999229,0.006590,-0.038711),fov=55.428120,dt=0.030043},
	{cf=CFrame.new(8.500000,-0.147634,50.178223,-0.055386,-0.038241,0.997732,0.004510,0.999247,0.038549,-0.998455,0.006635,-0.055172),fov=63.015221,dt=0.030352},
	{cf=CFrame.new(8.492188,-0.147616,50.160400,-0.066702,-0.038448,0.997032,0.004164,0.999238,0.038811,-0.997764,0.006741,-0.066491),fov=72.487762,dt=0.008571},
	{cf=CFrame.new(8.492188,-0.147543,50.143799,-0.074011,-0.038644,0.996508,0.004002,0.999229,0.039047,-0.997249,0.006878,-0.073799),fov=77.979851,dt=0.022081},
	{cf=CFrame.new(8.488281,-0.147361,50.135498,-0.080887,-0.038892,0.995964,0.003912,0.999218,0.039336,-0.996715,0.007078,-0.080672),fov=79.177536,dt=0.024600},
	{cf=CFrame.new(8.488281,-0.147094,50.125244,-0.085221,-0.039100,0.995595,0.003907,0.999209,0.039576,-0.996354,0.007263,-0.085001),fov=79.653923,dt=0.023174},
	{cf=CFrame.new(8.488281,-0.146563,50.116943,-0.088761,-0.039339,0.995276,0.003972,0.999198,0.039848,-0.996045,0.007490,-0.088533),fov=80.385468,dt=0.025222},
	{cf=CFrame.new(8.488281,-0.145807,50.111816,-0.091113,-0.039557,0.995055,0.004074,0.999188,0.040094,-0.995832,0.007707,-0.090878),fov=80.651909,dt=0.024627},
	{cf=CFrame.new(8.488281,-0.144922,50.111816,-0.092184,-0.039708,0.994950,0.004172,0.999180,0.040263,-0.995733,0.007863,-0.091943),fov=80.860428,dt=0.020479},
	{cf=CFrame.new(8.480469,-0.143553,50.110596,-0.092824,-0.039845,0.994885,0.004279,0.999174,0.040416,-0.995673,0.008008,-0.092577),fov=81.130737,dt=0.024944},
	{cf=CFrame.new(8.476562,-0.141787,50.109375,-0.093008,-0.039920,0.994865,0.004345,0.999170,0.040499,-0.995656,0.008089,-0.092758),fov=81.206635,dt=0.023514},
	{cf=CFrame.new(7.011719,0.273216,51.653320,0.012753,-0.036568,0.999250,0.006385,0.999314,0.036489,-0.999898,0.005915,0.012978),fov=81.276413,dt=0.024216},
	{cf=CFrame.new(5.542969,0.685641,53.350342,0.117510,-0.027968,0.992678,0.001206,0.999607,0.028021,-0.993071,-0.002096,0.117497),fov=81.285149,dt=0.023714},
	{cf=CFrame.new(5.519531,0.684996,53.540771,0.114447,-0.024381,0.993130,-0.011043,0.999606,0.025812,-0.993368,-0.013921,0.114132),fov=33.554352,dt=0.025529},
	{cf=CFrame.new(5.500000,0.683181,53.683350,0.109296,-0.023973,0.993720,-0.024591,0.999338,0.026814,-0.993705,-0.027367,0.108634),fov=33.594318,dt=0.024307},
	{cf=CFrame.new(5.488281,0.679024,53.779541,0.101905,-0.026452,0.994442,-0.038565,0.998790,0.030519,-0.994046,-0.041461,0.100762),fov=33.874313,dt=0.023775},
	{cf=CFrame.new(5.484375,0.674772,53.823730,0.096077,-0.028974,0.994952,-0.047542,0.998302,0.033662,-0.994238,-0.050536,0.094536),fov=34.088509,dt=0.019846},
	{cf=CFrame.new(5.476562,0.667349,53.861572,0.087853,-0.032688,0.995597,-0.057864,0.997606,0.037860,-0.994451,-0.060935,0.085751),fov=34.334797,dt=0.019615},
	{cf=CFrame.new(5.480469,0.657234,53.880127,0.078728,-0.036495,0.996228,-0.066647,0.996901,0.041787,-0.994666,-0.069685,0.076052),fov=34.599503,dt=0.019851},
	{cf=CFrame.new(5.472656,0.643430,53.889160,0.068707,-0.039659,0.996848,-0.072850,0.996342,0.044660,-0.994973,-0.075689,0.065567),fov=34.868202,dt=0.019531},
	{cf=CFrame.new(5.476562,0.626000,53.892334,0.058045,-0.041621,0.997446,-0.076158,0.996034,0.045994,-0.995405,-0.078634,0.054645),fov=35.355412,dt=0.021437},
	{cf=CFrame.new(5.492188,0.445407,53.899170,0.038302,-0.031102,0.998782,-0.037908,0.998751,0.032555,-0.998547,-0.039109,0.037075),fov=35.540874,dt=0.024625},
	{cf=CFrame.new(5.449219,0.282045,56.031250,-0.005518,-0.079947,0.996784,0.039505,0.996003,0.080103,-0.999204,0.039820,-0.002338),fov=35.709667,dt=0.025536},
	{cf=CFrame.new(5.445312,0.290792,56.033203,-0.006321,-0.063054,0.997990,0.071337,0.995439,0.063345,-0.997432,0.071594,-0.001795),fov=30.663218,dt=0.017480},
	{cf=CFrame.new(5.441406,0.342001,56.037109,0.000587,-0.057149,0.998365,0.078851,0.995260,0.056925,-0.996886,0.078689,0.005090),fov=40.543083,dt=0.051443},
	{cf=CFrame.new(5.441406,0.399847,56.039062,0.016703,-0.062605,0.997899,0.073503,0.995414,0.061219,-0.997155,0.072326,0.021228),fov=43.249035,dt=0.061159},
	{cf=CFrame.new(5.441406,0.313413,56.042236,0.020044,-0.056482,0.998202,0.076220,0.995584,0.054804,-0.996890,0.074984,0.024260),fov=43.918922,dt=0.074029},
	{cf=CFrame.new(5.449219,0.148661,56.051758,0.021139,-0.040260,0.998966,0.075911,0.996369,0.038550,-0.996891,0.075017,0.024118),fov=43.918922,dt=0.074498},
	{cf=CFrame.new(9.667969,-0.228793,56.522461,0.054229,0.006956,0.998504,0.076799,0.996985,-0.011116,-0.995571,0.077287,0.053532),fov=49.003178,dt=0.062538},
	{cf=CFrame.new(9.683594,-0.557410,56.222656,0.125488,0.009834,0.992046,0.055881,0.998293,-0.016965,-0.990520,0.057566,0.124725),fov=62.023964,dt=0.052910},
	{cf=CFrame.new(9.687500,-0.520435,56.176514,0.131095,-0.001842,0.991368,0.044775,0.998989,-0.004065,-0.990358,0.044921,0.131045),fov=64.890465,dt=0.058654},
	{cf=CFrame.new(9.695312,-0.501736,56.152100,0.133978,-0.007719,0.990954,0.039183,0.999229,0.002486,-0.990209,0.038496,0.134178),fov=65.797295,dt=0.059114},
	{cf=CFrame.new(9.691406,-0.494079,56.143799,0.135168,-0.010119,0.990771,0.036899,0.999306,0.005172,-0.990135,0.035860,0.135448),fov=66.428093,dt=0.056853},
	{cf=CFrame.new(1.488281,-0.260813,60.201172,0.963198,0.175820,0.203316,-0.141007,0.974476,-0.174679,-0.228839,0.139581,0.963405),fov=66.609352,dt=0.046629},
	{cf=CFrame.new(1.304688,-0.264547,60.198242,0.968375,0.173806,0.179002,-0.143068,0.974594,-0.172329,-0.204406,0.141270,0.968639),fov=45.592571,dt=0.043791},
	{cf=CFrame.new(1.175781,-0.272755,60.200195,0.971637,0.171955,0.162339,-0.144119,0.974848,-0.170003,-0.187489,0.141785,0.971980),fov=38.179413,dt=0.041511},
	{cf=CFrame.new(1.027344,-0.291456,60.197510,0.975359,0.168237,0.142726,-0.143966,0.975546,-0.166084,-0.167177,0.141443,0.975728),fov=33.872795,dt=0.065848},
	{cf=CFrame.new(0.914062,-0.317144,60.193115,0.978424,0.161986,0.128244,-0.140539,0.976801,-0.161580,-0.151443,0.140071,0.978491),fov=32.363209,dt=0.076510},
	{cf=CFrame.new(0.835938,-0.345267,60.188232,0.981129,0.152116,0.119361,-0.132628,0.978648,-0.157031,-0.140699,0.138237,0.980354),fov=32.069355,dt=0.062594},
	{cf=CFrame.new(0.796875,-0.370720,60.183594,0.983655,0.138437,0.115141,-0.120146,0.980903,-0.152953,-0.134117,0.136620,0.981503),fov=32.048229,dt=0.056832},
	{cf=CFrame.new(0.777344,-0.389685,60.180664,0.985938,0.122141,0.114051,-0.104482,0.983193,-0.149717,-0.130421,0.135696,0.982129),fov=31.567429,dt=0.053308},
	{cf=CFrame.new(0.769531,-0.402978,60.179443,0.988074,0.102860,0.114583,-0.085529,0.985421,-0.147069,-0.128040,0.135515,0.982467),fov=30.439678,dt=0.053434},
	{cf=CFrame.new(0.769531,-0.408815,60.176270,0.989447,0.087434,0.115538,-0.070212,0.986860,-0.145527,-0.126744,0.135879,0.982585),fov=29.212742,dt=0.033016},
	{cf=CFrame.new(0.769531,-0.411934,60.179443,0.991048,0.062357,0.118048,-0.045070,0.988577,-0.143819,-0.125668,0.137211,0.982538),fov=26.681406,dt=0.046715},
	{cf=CFrame.new(7.460938,-0.140156,62.439209,-0.085267,0.018471,0.996187,-0.012969,0.999723,-0.019646,-0.996274,-0.014595,-0.085004),fov=24.632725,dt=0.033882},
	{cf=CFrame.new(7.460938,-0.143894,62.439209,-0.088068,0.016830,0.995972,-0.015169,0.999719,-0.018235,-0.995999,-0.016714,-0.087788),fov=15.013358,dt=0.033840},
	{cf=CFrame.new(7.460938,-0.151714,62.430908,-0.088456,0.016603,0.995942,-0.015473,0.999718,-0.018040,-0.995960,-0.017006,-0.088174),fov=14.946718,dt=0.029969},
	{cf=CFrame.new(7.460938,-0.159912,62.409180,-0.088606,0.016515,0.995930,-0.015592,0.999717,-0.017965,-0.995945,-0.017120,-0.088324),fov=14.900240,dt=0.023633},
	{cf=CFrame.new(7.457031,-0.168204,62.372070,-0.089581,0.015941,0.995852,-0.016359,0.999713,-0.017475,-0.995845,-0.017857,-0.089295),fov=14.898455,dt=0.026023},
	{cf=CFrame.new(7.437500,-0.176054,62.160156,-0.098018,-0.005149,0.995171,-0.055299,0.998470,-0.000280,-0.993647,-0.055059,-0.098153),fov=14.884216,dt=0.027702},
	{cf=CFrame.new(7.390625,-0.179500,61.656006,-0.119576,-0.033864,0.992247,-0.098598,0.994883,0.022072,-0.987917,-0.095195,-0.122303),fov=14.785293,dt=0.035587},
	{cf=CFrame.new(7.378906,-0.179971,61.609375,-0.147211,-0.010694,0.989047,-0.064048,0.997946,0.001258,-0.987029,-0.063162,-0.147593),fov=13.072018,dt=0.033169},
	{cf=CFrame.new(7.375000,-0.180274,61.576172,-0.152207,-0.006855,0.988325,-0.060804,0.998147,-0.002441,-0.986476,-0.060466,-0.152342),fov=13.068261,dt=0.028752},
	{cf=CFrame.new(7.367188,-0.180628,61.542969,-0.154427,-0.004717,0.987993,-0.059851,0.998197,-0.004589,-0.986190,-0.059841,-0.154431),fov=13.056931,dt=0.042401},
	{cf=CFrame.new(7.367188,-0.180822,61.524414,-0.155014,-0.004616,0.987901,-0.059897,0.998193,-0.004734,-0.986095,-0.059906,-0.155010),fov=13.037843,dt=0.032512},
	{cf=CFrame.new(7.359375,-0.180980,61.507812,-0.156099,-0.004696,0.987730,-0.059871,0.998195,-0.004716,-0.985925,-0.059873,-0.156098),fov=13.010661,dt=0.029226},
	{cf=CFrame.new(7.355469,-0.181104,61.496338,-0.157611,-0.004916,0.987489,-0.059783,0.998201,-0.004572,-0.985690,-0.059755,-0.157622),fov=12.974871,dt=0.023596},
	{cf=CFrame.new(7.355469,-0.181187,61.488037,-0.159147,-0.005283,0.987241,-0.059623,0.998212,-0.004270,-0.985453,-0.059542,-0.159177),fov=12.953516,dt=0.026681},
	{cf=CFrame.new(7.359375,-0.181258,61.482910,-0.161082,-0.006000,0.986923,-0.059299,0.998234,-0.003610,-0.985158,-0.059106,-0.161153),fov=12.903250,dt=0.027671},
	{cf=CFrame.new(7.355469,-0.181300,61.476562,-0.162760,-0.006896,0.986642,-0.058886,0.998261,-0.002736,-0.984907,-0.058545,-0.162883),fov=12.873986,dt=0.027878},
	{cf=CFrame.new(7.359375,-0.181340,61.472656,-0.164856,-0.008648,0.986280,-0.058067,0.998312,-0.000953,-0.984607,-0.057428,-0.165080),fov=12.805978,dt=0.032001},
	{cf=CFrame.new(7.355469,-0.181355,61.469482,-0.166185,-0.010457,0.986039,-0.057212,0.998362,0.000946,-0.984433,-0.056256,-0.166511),fov=12.722795,dt=0.028022},
	{cf=CFrame.new(7.355469,-0.181367,61.469482,-0.167497,-0.013570,0.985779,-0.055731,0.998437,0.004275,-0.984296,-0.054222,-0.167992),fov=12.619256,dt=0.032022},
	{cf=CFrame.new(7.355469,-0.181366,61.469482,-0.168035,-0.016490,0.985643,-0.054333,0.998495,0.007442,-0.984282,-0.052303,-0.168678),fov=12.556820,dt=0.023869},
	{cf=CFrame.new(7.585938,-0.100921,62.678467,-0.063112,-0.021996,0.997764,-0.053923,0.998372,0.018599,-0.996549,-0.052628,-0.064195),fov=12.395862,dt=0.028696},
	{cf=CFrame.new(7.660156,-0.074646,63.142578,-0.021915,-0.032985,0.999215,-0.054650,0.998001,0.031746,-0.998265,-0.053911,-0.023674),fov=11.995811,dt=0.031377},
	{cf=CFrame.new(7.664062,-0.077820,63.179688,-0.020612,-0.036440,0.999123,-0.053864,0.997925,0.035285,-0.998335,-0.053090,-0.022532),fov=16.001667,dt=0.027691},
	{cf=CFrame.new(7.664062,-0.085169,63.187988,-0.019284,-0.032841,0.999274,-0.053820,0.998045,0.031762,-0.998365,-0.053168,-0.021014),fov=16.001667,dt=0.026462},
	{cf=CFrame.new(9.695312,-0.129457,62.916504,0.008789,-0.007807,0.999931,-0.051576,0.998635,0.008250,-0.998630,-0.051645,0.008375),fov=16.001667,dt=0.023911},
	{cf=CFrame.new(11.718750,-0.265268,62.648926,0.024618,-0.036133,0.999044,-0.038808,0.998559,0.037072,-0.998943,-0.039684,0.023180),fov=16.001667,dt=0.037469},
	{cf=CFrame.new(11.718750,-0.388817,62.659180,-0.056127,-0.006247,0.998404,0.049849,0.998716,0.009052,-0.997178,0.050277,-0.055744),fov=22.782187,dt=0.031572},
	{cf=CFrame.new(11.714844,-0.470255,62.679688,-0.050754,-0.004073,0.998703,0.046473,0.998899,0.006436,-0.997629,0.046739,-0.050509),fov=37.280239,dt=0.031759},
	{cf=CFrame.new(11.714844,-0.510359,62.695068,-0.042478,-0.000703,0.999097,0.041228,0.999147,0.002456,-0.998246,0.041295,-0.042413),fov=41.372437,dt=0.021352},
	{cf=CFrame.new(11.714844,-0.544921,62.720703,-0.028567,0.005013,0.999579,0.032286,0.999470,-0.004090,-0.999070,0.032156,-0.028713),fov=49.326706,dt=0.041985},
	{cf=CFrame.new(11.707031,-0.567849,62.741211,-0.014417,0.010852,0.999837,0.023013,0.999680,-0.010519,-0.999631,0.022858,-0.014662),fov=50.288223,dt=0.027924},
	{cf=CFrame.new(11.707031,-0.585763,62.761963,-0.001950,0.015944,0.999871,0.014666,0.999766,-0.015914,-0.999890,0.014634,-0.002183),fov=50.707912,dt=0.033729},
	{cf=CFrame.new(11.707031,-0.599571,62.777344,0.008758,0.020218,0.999757,0.007343,0.999767,-0.020282,-0.999935,0.007519,0.008607),fov=50.719471,dt=0.033396},
	{cf=CFrame.new(11.703125,-0.609564,62.789551,0.017826,0.023697,0.999560,0.001006,0.999718,-0.023719,-0.999840,0.001429,0.017797),fov=50.738506,dt=0.031591},
	{cf=CFrame.new(11.703125,-0.616027,62.799805,0.025374,0.026417,0.999329,-0.004391,0.999644,-0.026314,-0.999668,-0.003720,0.025481),fov=50.764748,dt=0.034134},
	{cf=CFrame.new(11.703125,-0.619253,62.804932,0.031517,0.028418,0.999099,-0.008900,0.999564,-0.028150,-0.999464,-0.008004,0.031756),fov=50.797916,dt=0.032123},
	{cf=CFrame.new(11.703125,-0.619527,62.810059,0.036369,0.029745,0.998896,-0.012576,0.999491,-0.029305,-0.999259,-0.011496,0.036725),fov=50.837784,dt=0.036554},
	{cf=CFrame.new(11.703125,-0.617141,62.813232,0.040040,0.030449,0.998734,-0.015480,0.999434,-0.029850,-0.999078,-0.014266,0.040489),fov=50.884064,dt=0.033363},
	{cf=CFrame.new(11.703125,-0.613079,62.813232,0.042361,0.030593,0.998634,-0.017432,0.999402,-0.029877,-0.998950,-0.016143,0.042869),fov=50.936546,dt=0.026374},
	{cf=CFrame.new(11.703125,-0.607427,62.813232,0.043947,0.030347,0.998573,-0.018895,0.999385,-0.029540,-0.998855,-0.017569,0.044493),fov=50.994942,dt=0.030139},
	{cf=CFrame.new(11.707031,-0.600365,62.808105,0.044864,0.029748,0.998550,-0.019908,0.999385,-0.028878,-0.998795,-0.018584,0.045429),fov=51.026287,dt=0.027671},
	{cf=CFrame.new(11.707031,-0.593240,62.808105,0.045122,0.028959,0.998562,-0.020421,0.999398,-0.028060,-0.998773,-0.019126,0.045686),fov=51.093124,dt=0.029669},
	{cf=CFrame.new(11.703125,-0.585415,62.802979,0.045020,0.027985,0.998594,-0.020691,0.999419,-0.027075,-0.998772,-0.019443,0.045573),fov=51.165272,dt=0.022916},
	{cf=CFrame.new(11.703125,-0.576851,62.799805,0.044517,0.026810,0.998649,-0.020688,0.999450,-0.025909,-0.998794,-0.019507,0.045047),fov=51.203259,dt=0.022685},
	{cf=CFrame.new(11.703125,-0.569330,62.794678,0.043873,0.025722,0.998706,-0.020533,0.999481,-0.024840,-0.998826,-0.019417,0.044378),fov=51.242493,dt=0.022531},
	{cf=CFrame.new(11.707031,-0.559898,62.792725,0.042839,0.024293,0.998787,-0.020169,0.999522,-0.023446,-0.998878,-0.019140,0.043309),fov=51.324528,dt=0.020506},
	{cf=CFrame.new(11.707031,-0.551784,62.787598,0.041789,0.023019,0.998861,-0.019737,0.999559,-0.022209,-0.998931,-0.018786,0.042225),fov=51.367279,dt=0.026930},
	{cf=CFrame.new(11.710938,-0.541865,62.780518,0.040360,0.021420,0.998956,-0.019100,0.999604,-0.020663,-0.999003,-0.018246,0.040753),fov=51.456093,dt=0.024001},
	{cf=CFrame.new(11.707031,-0.531837,62.772217,0.038752,0.019759,0.999053,-0.018338,0.999650,-0.019059,-0.999081,-0.017582,0.039101),fov=51.502090,dt=0.023805},
	{cf=CFrame.new(11.707031,-0.521831,62.767090,0.037041,0.018071,0.999150,-0.017502,0.999695,-0.017431,-0.999160,-0.016842,0.037346),fov=51.597115,dt=0.026333},
	{cf=CFrame.new(11.707031,-0.513612,62.761963,0.035552,0.016660,0.999229,-0.016756,0.999730,-0.016072,-0.999227,-0.016172,0.035821),fov=51.646084,dt=0.021474},
	{cf=CFrame.new(11.710938,-0.503972,62.756592,0.033737,0.014985,0.999318,-0.015835,0.999770,-0.014457,-0.999305,-0.015337,0.033966),fov=51.695969,dt=0.021375},
	{cf=CFrame.new(11.710938,-0.494705,62.751465,0.031931,0.013357,0.999401,-0.014909,0.999806,-0.012886,-0.999379,-0.014489,0.032124),fov=51.798401,dt=0.024970},
	{cf=CFrame.new(11.710938,-0.487359,62.744385,0.030464,0.012054,0.999463,-0.014153,0.999832,-0.011627,-0.999436,-0.013791,0.030629),fov=51.850876,dt=0.024822},
	{cf=CFrame.new(11.707031,-0.480408,62.741211,0.029056,0.010814,0.999519,-0.013427,0.999856,-0.010427,-0.999488,-0.013118,0.029197),fov=51.904140,dt=0.019552},
	{cf=CFrame.new(11.710938,-0.472702,62.736084,0.027481,0.009431,0.999578,-0.012616,0.999879,-0.009087,-0.999543,-0.012361,0.027597),fov=52.012951,dt=0.023207},
	{cf=CFrame.new(11.710938,-0.465692,62.730957,0.026036,0.008164,0.999628,-0.011874,0.999899,-0.007857,-0.999590,-0.011665,0.026130),fov=52.068424,dt=0.023114},
	{cf=CFrame.new(11.710938,-0.460339,62.730957,0.024924,0.007189,0.999663,-0.011305,0.999912,-0.006909,-0.999625,-0.011129,0.025003),fov=52.181328,dt=0.025316},
	{cf=CFrame.new(11.710938,-0.455501,62.725830,0.023908,0.006300,0.999694,-0.010785,0.999924,-0.006043,-0.999656,-0.010637,0.023974),fov=52.238693,dt=0.015926},
	{cf=CFrame.new(11.710938,-0.451928,62.725830,0.023153,0.005638,0.999716,-0.010399,0.999931,-0.005398,-0.999678,-0.010271,0.023210),fov=52.296619,dt=0.021895},
	{cf=CFrame.new(11.714844,-0.447863,62.720703,0.022284,0.004876,0.999740,-0.009955,0.999940,-0.004655,-0.999702,-0.009848,0.022331),fov=52.355087,dt=0.017982},
	{cf=CFrame.new(11.714844,-0.444911,62.720703,0.021645,0.004316,0.999756,-0.009628,0.999945,-0.004108,-0.999719,-0.009537,0.021685),fov=52.414043,dt=0.018970},
	{cf=CFrame.new(11.714844,-0.441584,62.715576,0.020916,0.003675,0.999774,-0.009255,0.999951,-0.003482,-0.999738,-0.009180,0.020949),fov=52.473461,dt=0.014998},
	{cf=CFrame.new(11.714844,-0.439219,62.715576,0.020390,0.003211,0.999787,-0.008985,0.999955,-0.003028,-0.999752,-0.008921,0.020418),fov=52.533306,dt=0.019982},
	{cf=CFrame.new(11.714844,-0.436594,62.715576,0.019795,0.002685,0.999801,-0.008679,0.999959,-0.002514,-0.999766,-0.008627,0.019817),fov=52.593548,dt=0.020424},
	{cf=CFrame.new(11.714844,-0.434786,62.712402,0.019375,0.002312,0.999809,-0.008462,0.999962,-0.002148,-0.999776,-0.008418,0.019394),fov=52.715050,dt=0.020320},
	{cf=CFrame.new(11.714844,-0.432548,62.708496,0.018836,0.001828,0.999821,-0.008180,0.999965,-0.001674,-0.999789,-0.008147,0.018850),fov=52.776245,dt=0.022551},
	{cf=CFrame.new(11.714844,-0.431322,62.708496,0.018528,0.001549,0.999827,-0.008017,0.999967,-0.001401,-0.999796,-0.007990,0.018539),fov=52.837685,dt=0.015300},
	{cf=CFrame.new(11.714844,-0.430096,62.708496,0.018201,0.001249,0.999834,-0.007843,0.999969,-0.001106,-0.999804,-0.007821,0.018211),fov=52.899330,dt=0.018363},
	{cf=CFrame.new(11.714844,-0.429362,62.708496,0.017988,0.001048,0.999838,-0.007725,0.999970,-0.000909,-0.999808,-0.007708,0.017996),fov=52.961163,dt=0.021654},
	{cf=CFrame.new(11.714844,-0.428836,62.708496,0.017815,0.000881,0.999841,-0.007628,0.999971,-0.000745,-0.999812,-0.007613,0.017821),fov=53.023121,dt=0.013975},
	{cf=CFrame.new(11.714844,-0.428443,62.708496,0.017650,0.000714,0.999844,-0.007530,0.999972,-0.000581,-0.999816,-0.007518,0.017655),fov=53.147289,dt=0.023910},
	{cf=CFrame.new(11.714844,-0.428393,62.708496,0.017551,0.000601,0.999846,-0.007463,0.999972,-0.000470,-0.999818,-0.007453,0.017555),fov=53.209423,dt=0.022833},
	{cf=CFrame.new(11.714844,-0.428621,62.708496,0.017507,0.000532,0.999847,-0.007421,0.999972,-0.000403,-0.999819,-0.007413,0.017510),fov=53.333591,dt=0.038614},
	{cf=CFrame.new(11.714844,-0.429553,62.708496,0.017547,0.000511,0.999846,-0.007406,0.999972,-0.000381,-0.999819,-0.007398,0.017550),fov=53.395565,dt=0.011387},
	{cf=CFrame.new(11.714844,-0.430072,62.712402,0.017595,0.000529,0.999845,-0.007415,0.999972,-0.000399,-0.999818,-0.007407,0.017598),fov=53.457390,dt=0.011211},
	{cf=CFrame.new(11.714844,-0.431152,62.712402,0.017718,0.000593,0.999843,-0.007450,0.999972,-0.000461,-0.999815,-0.007440,0.017722),fov=53.519035,dt=0.021881},
	{cf=CFrame.new(11.714844,-0.432464,62.715576,0.017886,0.000693,0.999840,-0.007505,0.999972,-0.000559,-0.999812,-0.007494,0.017890),fov=53.580460,dt=0.023595},
	{cf=CFrame.new(11.714844,-0.433997,62.715576,0.018097,0.000826,0.999836,-0.007579,0.999971,-0.000689,-0.999807,-0.007566,0.018103),fov=53.641624,dt=0.017663},
	{cf=CFrame.new(11.710938,-0.436156,62.717529,0.018415,0.001034,0.999830,-0.007696,0.999970,-0.000893,-0.999801,-0.007679,0.018423),fov=53.763027,dt=0.024553},
	{cf=CFrame.new(11.714844,-0.437747,62.720703,0.018657,0.001196,0.999825,-0.007787,0.999969,-0.001051,-0.999796,-0.007766,0.018666),fov=53.823162,dt=0.016423},
	{cf=CFrame.new(11.714844,-0.439904,62.720703,0.018994,0.001423,0.999819,-0.007916,0.999968,-0.001273,-0.999788,-0.007890,0.019005),fov=53.882877,dt=0.018958},
	{cf=CFrame.new(11.710938,-0.441293,62.722656,0.019215,0.001573,0.999814,-0.008000,0.999967,-0.001420,-0.999783,-0.007972,0.019227),fov=53.942131,dt=0.018187},
	{cf=CFrame.new(11.710938,-0.443736,62.725830,0.019609,0.001842,0.999806,-0.008152,0.999965,-0.001682,-0.999774,-0.008118,0.019623),fov=54.000874,dt=0.019916},
	{cf=CFrame.new(11.710938,-0.445810,62.725830,0.019948,0.002074,0.999799,-0.008284,0.999964,-0.001909,-0.999767,-0.008244,0.019965),fov=54.059059,dt=0.014994},
	{cf=CFrame.new(11.710938,-0.448532,62.730957,0.020399,0.002383,0.999789,-0.008459,0.999962,-0.002211,-0.999756,-0.008412,0.020418),fov=54.116634,dt=0.019673},
	{cf=CFrame.new(11.710938,-0.450818,62.730957,0.020782,0.002645,0.999781,-0.008607,0.999960,-0.002466,-0.999747,-0.008554,0.020804),fov=54.173576,dt=0.018532},
	{cf=CFrame.new(11.710938,-0.453799,62.736084,0.021286,0.002989,0.999769,-0.008802,0.999957,-0.002802,-0.999735,-0.008740,0.021312),fov=54.285374,dt=0.021396},
	{cf=CFrame.new(11.710938,-0.455634,62.736084,0.021599,0.003202,0.999762,-0.008923,0.999956,-0.003010,-0.999727,-0.008855,0.021626),fov=54.285374,dt=0.010382},
	{cf=CFrame.new(11.707031,-0.458799,62.741211,0.022142,0.003570,0.999748,-0.009131,0.999953,-0.003368,-0.999713,-0.009054,0.022173),fov=54.394066,dt=0.019891},
	{cf=CFrame.new(11.710938,-0.461398,62.744385,0.022591,0.003873,0.999737,-0.009303,0.999950,-0.003663,-0.999701,-0.009218,0.022626),fov=54.447140,dt=0.017119},
	{cf=CFrame.new(11.710938,-0.464054,62.748291,0.023052,0.004182,0.999725,-0.009478,0.999947,-0.003964,-0.999689,-0.009384,0.023091),fov=54.499313,dt=0.018248},
	{cf=CFrame.new(11.710938,-0.467448,62.751465,0.023645,0.004577,0.999710,-0.009702,0.999943,-0.004349,-0.999673,-0.009596,0.023689),fov=54.550522,dt=0.019846},
	{cf=CFrame.new(11.710938,-0.470906,62.756592,0.024253,0.004979,0.999693,-0.009929,0.999940,-0.004739,-0.999656,-0.009811,0.024301),fov=54.600739,dt=0.020978},
	{cf=CFrame.new(11.710938,-0.473011,62.756592,0.024626,0.005222,0.999683,-0.010067,0.999937,-0.004976,-0.999646,-0.009941,0.024677),fov=54.649906,dt=0.015314},
	{cf=CFrame.new(11.707031,-0.476554,62.761963,0.025255,0.005630,0.999665,-0.010298,0.999933,-0.005372,-0.999628,-0.010159,0.025311),fov=54.697983,dt=0.017333},
	{cf=CFrame.new(11.707031,-0.479418,62.767090,0.025765,0.005958,0.999650,-0.010483,0.999929,-0.005690,-0.999613,-0.010333,0.025826),fov=54.744926,dt=0.017548},
	{cf=CFrame.new(11.710938,-0.483019,62.770264,0.026410,0.006367,0.999631,-0.010714,0.999924,-0.006086,-0.999594,-0.010549,0.026477),fov=54.790672,dt=0.018514},
	{cf=CFrame.new(11.707031,-0.485914,62.775391,0.026931,0.006693,0.999615,-0.010898,0.999920,-0.006402,-0.999578,-0.010721,0.027002),fov=54.878448,dt=0.021038},
	{cf=CFrame.new(11.710938,-0.488812,62.780518,0.027454,0.007016,0.999598,-0.011080,0.999916,-0.006714,-0.999561,-0.010891,0.027530),fov=54.878448,dt=0.015819},
	{cf=CFrame.new(11.707031,-0.492429,62.787598,0.028111,0.007414,0.999577,-0.011303,0.999911,-0.007099,-0.999541,-0.011099,0.028192),fov=54.960938,dt=0.022897},
	{cf=CFrame.new(11.707031,-0.495313,62.787598,0.028636,0.007727,0.999560,-0.011479,0.999907,-0.007401,-0.999524,-0.011262,0.028722),fov=55.000076,dt=0.015210},
	{cf=CFrame.new(11.710938,-0.498893,62.795898,0.029292,0.008109,0.999538,-0.011693,0.999901,-0.007769,-0.999502,-0.011460,0.029384),fov=55.037762,dt=0.016800},
	{cf=CFrame.new(11.707031,-0.501025,62.797852,0.029684,0.008333,0.999525,-0.011818,0.999898,-0.007985,-0.999489,-0.011576,0.029779),fov=55.037762,dt=0.011299},
	{cf=CFrame.new(11.707031,-0.503841,62.801025,0.030203,0.008624,0.999506,-0.011981,0.999894,-0.008266,-0.999472,-0.011725,0.030303),fov=55.108543,dt=0.021660},
	{cf=CFrame.new(11.707031,-0.506623,62.806152,0.030718,0.008906,0.999488,-0.012137,0.999890,-0.008537,-0.999454,-0.011869,0.030822),fov=55.141552,dt=0.013321},
	{cf=CFrame.new(11.707031,-0.508688,62.811279,0.031101,0.009111,0.999475,-0.012251,0.999887,-0.008734,-0.999441,-0.011973,0.031209),fov=55.141552,dt=0.013738},
	{cf=CFrame.new(11.710938,-0.511393,62.814453,0.031606,0.009374,0.999456,-0.012396,0.999883,-0.008986,-0.999424,-0.012105,0.031719),fov=55.172913,dt=0.016679},
	{cf=CFrame.new(11.707031,-0.514048,62.819580,0.032104,0.009624,0.999438,-0.012533,0.999879,-0.009226,-0.999406,-0.012230,0.032221),fov=55.202579,dt=0.016354},
	{cf=CFrame.new(11.707031,-0.516645,62.826660,0.032593,0.009860,0.999420,-0.012662,0.999875,-0.009452,-0.999388,-0.012347,0.032714),fov=55.230507,dt=0.017528},
	{cf=CFrame.new(11.707031,-0.519179,62.831787,0.033072,0.010082,0.999402,-0.012783,0.999871,-0.009664,-0.999371,-0.012455,0.033197),fov=55.280945,dt=0.018860},
	{cf=CFrame.new(11.707031,-0.521641,62.834961,0.033541,0.010288,0.999384,-0.012894,0.999868,-0.009860,-0.999354,-0.012555,0.033669),fov=55.280945,dt=0.014635},
	{cf=CFrame.new(11.707031,-0.524028,62.840088,0.033998,0.010477,0.999367,-0.012994,0.999865,-0.010040,-0.999337,-0.012645,0.034130),fov=55.303375,dt=0.015571},
	{cf=CFrame.new(11.703125,-0.526333,62.845215,0.034443,0.010648,0.999350,-0.013084,0.999862,-0.010203,-0.999321,-0.012724,0.034577),fov=55.323872,dt=0.015050},
	{cf=CFrame.new(11.707031,-0.528549,62.850342,0.034873,0.010800,0.999333,-0.013162,0.999860,-0.010347,-0.999305,-0.012792,0.035010),fov=55.342400,dt=0.016417},
	{cf=CFrame.new(11.707031,-0.530670,62.855469,0.035288,0.010932,0.999317,-0.013228,0.999858,-0.010471,-0.999290,-0.012850,0.035428),fov=55.358925,dt=0.019876},
	{cf=CFrame.new(11.703125,-0.532691,62.862549,0.035687,0.011043,0.999302,-0.013281,0.999856,-0.010575,-0.999275,-0.012895,0.035828),fov=55.385723,dt=0.019557},
	{cf=CFrame.new(11.707031,-0.534605,62.865723,0.036068,0.011132,0.999287,-0.013321,0.999855,-0.010657,-0.999261,-0.012927,0.036211),fov=55.385723,dt=0.012747},
	{cf=CFrame.new(11.707031,-0.536404,62.874023,0.036431,0.011196,0.999273,-0.013347,0.999854,-0.010716,-0.999247,-0.012947,0.036575),fov=55.395916,dt=0.017958},
	{cf=CFrame.new(11.703125,-0.538084,62.879150,0.036774,0.011237,0.999260,-0.013357,0.999853,-0.010752,-0.999234,-0.012952,0.036919),fov=55.409698,dt=0.018091},
	{cf=CFrame.new(11.707031,-0.538828,62.884277,0.037181,0.011374,0.999244,-0.013361,0.999851,-0.010884,-0.999219,-0.012946,0.037328),fov=55.409698,dt=0.015293},
	{cf=CFrame.new(11.707031,-0.557171,62.889404,0.037723,0.011714,0.999220,-0.013365,0.999848,-0.011217,-0.999199,-0.012932,0.037874),fov=55.413200,dt=0.012606},
	{cf=CFrame.new(11.707031,-0.566611,62.897705,0.038380,0.012232,0.999188,-0.013370,0.999842,-0.011726,-0.999174,-0.012909,0.038538),fov=55.414371,dt=0.016780},
	{cf=CFrame.new(11.703125,-0.482798,62.909912,0.039135,0.012900,0.999151,-0.013376,0.999834,-0.012385,-0.999144,-0.012880,0.039301),fov=55.400822,dt=0.020930},
	{cf=CFrame.new(11.703125,-0.520496,62.918213,0.039966,0.013695,0.999107,-0.013384,0.999824,-0.013170,-0.999111,-0.012845,0.040142),fov=55.380924,dt=0.014514},
	{cf=CFrame.new(11.707031,-0.598980,62.923340,0.040856,0.014591,0.999058,-0.013392,0.999811,-0.014054,-0.999075,-0.012805,0.041044),fov=55.351700,dt=0.015165},
	{cf=CFrame.new(11.703125,-0.591620,62.933594,0.041785,0.015561,0.999005,-0.013401,0.999797,-0.015013,-0.999037,-0.012761,0.041985),fov=55.308807,dt=0.019245},
	{cf=CFrame.new(11.703125,-0.641100,62.941895,0.042733,0.016581,0.998949,-0.013412,0.999782,-0.016021,-0.998996,-0.012713,0.042947),fov=55.245865,dt=0.015942},
	{cf=CFrame.new(11.703125,-0.708984,62.952148,0.043683,0.017625,0.998890,-0.013424,0.999764,-0.017053,-0.998955,-0.012664,0.043909),fov=55.153599,dt=0.015337},
	{cf=CFrame.new(11.703125,-0.426224,62.962402,0.044614,0.018667,0.998830,-0.013436,0.999746,-0.018084,-0.998914,-0.012614,0.044853),fov=55.018520,dt=0.018963},
	{cf=CFrame.new(11.707031,-0.413175,62.970703,0.045507,0.019682,0.998770,-0.013449,0.999727,-0.019088,-0.998873,-0.012564,0.045759),fov=54.821087,dt=0.016291},
	{cf=CFrame.new(11.703125,-0.532907,62.975830,0.046343,0.020645,0.998712,-0.013462,0.999709,-0.020041,-0.998835,-0.012516,0.046608),fov=54.533272,dt=0.014110},
	{cf=CFrame.new(11.703125,-0.301609,62.980957,0.047104,0.021529,0.998658,-0.013474,0.999690,-0.020916,-0.998799,-0.012471,0.047379),fov=54.115284,dt=0.018345},
	{cf=CFrame.new(11.707031,-0.372191,62.991211,0.047768,0.022310,0.998609,-0.013485,0.999674,-0.021689,-0.998767,-0.012431,0.048054),fov=53.511608,dt=0.016447},
	{cf=CFrame.new(11.703125,-0.289940,62.993164,0.048319,0.022962,0.998568,-0.013495,0.999659,-0.022334,-0.998741,-0.012397,0.048612),fov=52.646702,dt=0.015748},
	{cf=CFrame.new(11.699219,-0.623656,62.998291,0.048736,0.023459,0.998536,-0.013503,0.999648,-0.022826,-0.998720,-0.012371,0.049036),fov=51.421696,dt=0.018385},
	{cf=CFrame.new(11.699219,-0.575858,62.998291,0.049000,0.023776,0.998516,-0.013508,0.999641,-0.023140,-0.998707,-0.012354,0.049304),fov=49.714916,dt=0.016001},
	{cf=CFrame.new(-0.003906,5.473701,12.281738,1.000000,0.000000,-0.000000,0.000000,0.923880,0.382684,-0.000000,-0.382684,0.923879),fov=57.370499,dt=0.041017},
	{cf=CFrame.new(0.003906,7.860283,17.645508,1.000000,0.000000,-0.000000,0.000000,0.923880,0.382684,-0.000000,-0.382684,0.923879),fov=59.265846,dt=0.014075},
	{cf=CFrame.new(0.003906,13.423369,30.139404,1.000000,0.000000,-0.000000,-0.000000,0.923880,0.382684,-0.000000,-0.382684,0.923879),fov=63.664318,dt=0.045638},
	{cf=CFrame.new(0.000000,15.648462,35.135498,1.000000,0.000000,-0.000000,0.000000,0.923880,0.382684,-0.000000,-0.382684,0.923880),fov=65.382828,dt=0.027390},
	{cf=CFrame.new(0.000000,16.916195,37.980469,1.000000,-0.000000,-0.000000,0.000000,0.923880,0.382684,-0.000000,-0.382684,0.923880),fov=66.430161,dt=0.022269},
	{cf=CFrame.new(0.000000,18.943529,42.534180,1.000000,-0.000000,-0.000000,0.000000,0.923880,0.382684,-0.000000,-0.382684,0.923880),fov=68.008591,dt=0.050524},
	{cf=CFrame.new(0.000000,20.584137,46.220215,1.000000,0.000000,-0.000000,0.000000,0.923880,0.382683,-0.000000,-0.382683,0.923880),fov=69.331520,dt=0.094490},
}

local accumulated = 0
local index = 1
local smoothRootCF = root.CFrame

RunService:BindToRenderStep('FollowCinematic', Enum.RenderPriority.Camera.Value + 1, function(dt)

	accumulated += dt

	smoothRootCF = root.CFrame

	while frames[index] and accumulated >= frames[index].dt do

		accumulated -= frames[index].dt

		local f = frames[index]

		camera.CFrame = smoothRootCF * f.cf
		camera.FieldOfView = f.fov

		index += 1

	end

	if not frames[index] then
		RunService:UnbindFromRenderStep('FollowCinematic')
		camera.CameraType = Enum.CameraType.Custom
	end

end)
