
local Players = game:GetService('Players')
local RunService = game:GetService('RunService')

local player = Players.LocalPlayer
local camera = workspace.CurrentCamera

local root = player.Character:WaitForChild('HumanoidRootPart')

camera.CameraType = Enum.CameraType.Scriptable

local frames = {
	{cf=CFrame.new(-20.265930,9.340401,4.461060,-0.208481,0.272330,-0.939347,0.049748,0.962161,0.267903,0.976760,0.009122,-0.214140),fov=68.926582,dt=0.018471},
	{cf=CFrame.new(-17.696716,7.940880,3.090210,-0.306452,0.242999,-0.920347,0.051955,0.969695,0.238729,0.950467,0.025342,-0.309790),fov=69.363647,dt=0.015261},
	{cf=CFrame.new(-15.445801,6.720989,1.899536,-0.392661,0.215208,-0.894149,0.051714,0.975864,0.212166,0.918228,0.037069,-0.394314),fov=69.579002,dt=0.015529},
	{cf=CFrame.new(-13.233521,5.545752,0.770020,-0.485072,0.183949,-0.854908,0.050152,0.981868,0.182811,0.873035,0.045801,-0.485502),fov=69.143112,dt=0.017806},
	{cf=CFrame.new(-11.560303,4.663572,-0.067139,-0.554481,0.158323,-0.816997,0.047393,0.986150,0.158938,0.830846,0.049408,-0.554305),fov=68.630615,dt=0.015881},
	{cf=CFrame.new(-10.201294,3.927044,-0.755859,-0.599641,0.137216,-0.788418,0.044078,0.989358,0.138664,0.799054,0.048397,-0.599308),fov=68.761032,dt=0.015436},
	{cf=CFrame.new(-8.969360,3.265116,-1.358643,-0.641195,0.116414,-0.758497,0.040618,0.992189,0.117944,0.766302,0.044816,-0.640915),fov=68.722382,dt=0.016386},
	{cf=CFrame.new(-7.896973,2.692614,-1.869385,-0.677254,0.097337,-0.729282,0.036946,0.994459,0.098419,0.734821,0.039711,-0.677097),fov=68.586678,dt=0.016818},
	{cf=CFrame.new(-6.980957,2.207695,-2.291016,-0.708236,0.080018,-0.701427,0.033197,0.996231,0.080130,0.705195,0.033466,-0.708223),fov=68.363007,dt=0.016983},
	{cf=CFrame.new(-6.145996,1.771719,-2.652100,-0.737458,0.062754,-0.672471,0.029415,0.997714,0.060848,0.674752,0.025092,-0.737618),fov=68.206024,dt=0.018464},
	{cf=CFrame.new(-5.574097,1.474545,-2.894165,-0.757113,0.050688,-0.651315,0.026291,0.998542,0.047150,0.652755,0.018574,-0.757341),fov=68.072792,dt=0.014929},
	{cf=CFrame.new(-4.981079,1.172678,-3.123779,-0.778254,0.037445,-0.626832,0.022717,0.999246,0.031487,0.627539,0.010265,-0.778518),fov=67.729584,dt=0.018448},
	{cf=CFrame.new(-4.584961,0.972267,-3.283203,-0.789459,0.031971,-0.612970,0.019685,0.999448,0.026776,0.613488,0.009073,-0.789652),fov=66.982841,dt=0.015754},
	{cf=CFrame.new(-4.239746,0.797327,-3.422974,-0.798917,0.027225,-0.600825,0.016975,0.999598,0.022722,0.601202,0.007953,-0.799058),fov=66.347351,dt=0.016041},
	{cf=CFrame.new(-3.901245,0.632034,-3.540771,-0.808740,0.022409,-0.587739,0.014160,0.999726,0.018633,0.587996,0.006746,-0.808836),fov=65.400169,dt=0.019454},
	{cf=CFrame.new(-3.696777,0.534685,-3.604370,-0.814875,0.019442,-0.579311,0.012389,0.999793,0.016127,0.579505,0.005964,-0.814947),fov=64.702522,dt=0.014210},
	{cf=CFrame.new(-3.491821,0.443195,-3.650269,-0.821561,0.016313,-0.569888,0.010492,0.999854,0.013495,0.570025,0.005108,-0.821612),fov=63.617702,dt=0.017577},
	{cf=CFrame.new(-3.343994,0.377121,-3.682983,-0.826305,0.014057,-0.563047,0.009101,0.999891,0.011606,0.563149,0.004466,-0.826343),fov=62.833233,dt=0.014922},
	{cf=CFrame.new(-3.206055,0.322523,-3.692261,-0.831456,0.011764,-0.555466,0.007672,0.999924,0.009692,0.555538,0.003797,-0.831483),fov=61.713921,dt=0.017866},
	{cf=CFrame.new(-3.089844,0.277393,-3.698486,-0.833891,0.009828,-0.551842,0.006432,0.999947,0.008089,0.551892,0.003196,-0.833909),fov=60.824162,dt=0.018070},
	{cf=CFrame.new(-2.994873,0.248629,-3.683105,-0.824680,0.008087,-0.565543,0.005224,0.999964,0.006682,0.565576,0.002556,-0.824692),fov=60.238300,dt=0.019704},
	{cf=CFrame.new(-2.931519,0.237188,-3.650879,-0.814446,0.006736,-0.580201,0.004289,0.999975,0.005589,0.580224,0.002063,-0.814454),fov=59.646343,dt=0.018483},
	{cf=CFrame.new(-2.882568,0.230438,-3.620239,-0.805304,0.005643,-0.592836,0.003548,0.999983,0.004699,0.592852,0.001680,-0.805310),fov=59.135906,dt=0.017907},
	{cf=CFrame.new(-2.859985,0.237991,-3.575684,-0.795373,0.004876,-0.606101,0.003025,0.999987,0.004075,0.606113,0.001408,-0.795377),fov=58.742748,dt=0.014796},
	{cf=CFrame.new(-2.836060,0.241667,-3.541260,-0.786990,0.004172,-0.616952,0.002559,0.999991,0.003498,0.616961,0.001174,-0.786993),fov=58.514454,dt=0.015754},
	{cf=CFrame.new(-2.825562,0.255924,-3.490234,-0.776316,0.003554,-0.630334,0.002149,0.999993,0.002991,0.630341,0.000967,-0.776318),fov=58.239471,dt=0.016248},
	{cf=CFrame.new(-2.819702,0.272745,-3.436768,-0.765242,0.002991,-0.643736,0.001783,0.999995,0.002527,0.643740,0.000786,-0.765244),fov=57.963734,dt=0.017431},
	{cf=CFrame.new(-2.822754,0.294458,-3.378784,-0.753788,0.002540,-0.657113,0.001492,0.999997,0.002154,0.657116,0.000644,-0.753789),fov=57.687408,dt=0.016535},
	{cf=CFrame.new(-2.822510,0.321524,-3.318970,-0.738959,0.000108,-0.673751,0.000874,0.999999,-0.000799,0.673750,-0.001179,-0.738958),fov=57.410606,dt=0.016941},
	{cf=CFrame.new(-2.812256,0.364431,-3.247437,-0.713703,-0.007592,-0.700408,-0.000580,0.999947,-0.010248,0.700449,-0.006908,-0.713669),fov=57.087318,dt=0.017572},
	{cf=CFrame.new(-2.806885,0.396086,-3.195312,-0.695047,-0.013142,-0.718844,-0.001363,0.999855,-0.016961,0.718963,-0.010809,-0.694965),fov=56.856155,dt=0.013295},
	{cf=CFrame.new(-2.800537,0.427395,-3.143555,-0.675855,-0.018841,-0.736794,-0.001938,0.999715,-0.023787,0.737033,-0.014649,-0.675699),fov=56.630508,dt=0.015993},
	{cf=CFrame.new(-2.798584,0.467924,-3.078613,-0.652055,-0.025767,-0.757734,-0.002398,0.999487,-0.031924,0.758168,-0.019000,-0.651782),fov=56.387390,dt=0.017027},
	{cf=CFrame.new(-2.800293,0.517466,-3.000854,-0.623379,-0.033872,-0.781186,-0.002576,0.999145,-0.041267,0.781915,-0.023712,-0.622934),fov=56.103699,dt=0.018647},
	{cf=CFrame.new(-2.804321,0.561329,-2.932861,-0.598001,-0.041021,-0.800445,-0.002433,0.998778,-0.049367,0.801492,-0.027574,-0.597369),fov=55.860497,dt=0.015205},
	{cf=CFrame.new(-2.807983,0.597889,-2.875854,-0.576436,-0.047027,-0.815788,-0.002119,0.998425,-0.056058,0.817140,-0.030585,-0.575628),fov=55.675060,dt=0.014745},
	{cf=CFrame.new(-2.814087,0.642916,-2.806763,-0.549855,-0.054344,-0.833491,-0.001526,0.997945,-0.064060,0.835259,-0.033952,-0.548808),fov=55.535793,dt=0.016477},
	{cf=CFrame.new(-2.814697,0.690527,-2.741455,-0.514888,-0.065957,-0.854717,-0.000970,0.997080,-0.076359,0.857257,-0.038487,-0.513448),fov=55.396503,dt=0.018002},
	{cf=CFrame.new(-2.755493,0.721939,-2.720825,-0.451776,-0.094166,-0.887148,-0.001018,0.994468,-0.105039,0.892131,-0.046551,-0.449373),fov=55.277779,dt=0.014258},
	{cf=CFrame.new(-2.634521,1.046600,-2.472900,-0.018102,-0.268508,-0.963107,0.045314,0.962055,-0.269067,0.998809,-0.048513,-0.005248),fov=55.000000,dt=0.085495},
	{cf=CFrame.new(-2.618896,1.088491,-2.440918,0.039295,-0.290010,-0.956217,0.056617,0.956065,-0.287637,0.997622,-0.042836,0.053989),fov=55.000000,dt=0.010049},
	{cf=CFrame.new(-2.587646,1.104839,-2.429932,0.074104,-0.284870,-0.955698,0.059762,0.957879,-0.280886,0.995458,-0.036300,0.088007),fov=55.000000,dt=0.009288},
	{cf=CFrame.new(-2.532959,1.116585,-2.424194,0.115091,-0.263677,-0.957721,0.059411,0.964228,-0.258329,0.991577,-0.027168,0.126639),fov=55.000000,dt=0.011128},
	{cf=CFrame.new(-2.437256,1.137146,-2.413940,0.186133,-0.225273,-0.956351,0.056454,0.974205,-0.218491,0.980901,-0.013322,0.194050),fov=55.000000,dt=0.017678},
	{cf=CFrame.new(-2.368896,1.151833,-2.406616,0.236284,-0.197055,-0.951493,0.052538,0.980379,-0.189991,0.970263,-0.005097,0.242000),fov=55.000000,dt=0.015294},
	{cf=CFrame.new(-2.286987,1.169455,-2.397827,0.295460,-0.162533,-0.941428,0.045910,0.986699,-0.155941,0.954252,0.002853,0.298992),fov=55.000000,dt=0.017211},
	{cf=CFrame.new(-2.204956,1.187077,-2.389160,0.353267,-0.127354,-0.926814,0.037188,0.991819,-0.122112,0.934783,0.008671,0.355113),fov=55.000000,dt=0.016670},
	{cf=CFrame.new(-2.122925,1.204699,-2.380249,0.409495,-0.091740,-0.907688,0.026304,0.995705,-0.088769,0.911933,0.012474,0.410149),fov=55.000000,dt=0.015678},
	{cf=CFrame.new(-2.027344,1.225258,-2.370117,0.472740,-0.049868,-0.879790,0.011154,0.998656,-0.050612,0.881131,0.014113,0.472661),fov=55.000000,dt=0.018426},
	{cf=CFrame.new(-1.958984,1.239944,-2.362793,0.516085,-0.019933,-0.856305,-0.001296,0.999710,-0.024053,0.856537,0.013523,0.515909),fov=55.000000,dt=0.016053},
	{cf=CFrame.new(-1.886108,1.200800,-2.386841,0.545974,-0.004507,-0.837790,0.002779,0.999990,-0.003568,0.837798,-0.000380,0.545981),fov=55.022324,dt=0.015683},
	{cf=CFrame.new(-1.813232,1.161655,-2.410889,0.575189,0.010343,-0.817955,0.006207,0.999836,0.017008,0.817997,-0.014859,0.575031),fov=55.044643,dt=0.017262},
	{cf=CFrame.new(-1.740234,1.122511,-2.434937,0.603775,0.024750,-0.796771,0.008829,0.999249,0.037730,0.797106,-0.029815,0.603103),fov=55.066963,dt=0.016637},
	{cf=CFrame.new(-1.667358,1.083366,-2.458984,0.631616,0.038619,-0.774319,0.010720,0.998228,0.058531,0.775208,-0.045270,0.630082),fov=55.089287,dt=0.016983},
	{cf=CFrame.new(-1.594482,1.044222,-2.483032,0.658752,0.051851,-0.750572,0.011952,0.996775,0.079349,0.752266,-0.061242,0.656008),fov=55.200893,dt=0.016142},
	{cf=CFrame.new(-1.509399,0.998552,-2.511108,0.689338,0.066563,-0.721376,0.012379,0.994542,0.103598,0.724334,-0.080344,0.684752),fov=55.331100,dt=0.018598},
	{cf=CFrame.new(-1.436523,0.959408,-2.535156,0.714618,0.078579,-0.695087,0.011901,0.992161,0.124399,0.699413,-0.097170,0.708081),fov=55.442707,dt=0.017466},
	{cf=CFrame.new(-1.375854,0.926788,-2.555176,0.735000,0.087992,-0.672334,0.011014,0.989864,0.141590,0.677978,-0.111474,0.726581),fov=55.535713,dt=0.013517},
	{cf=CFrame.new(-1.304321,0.886124,-2.610352,0.748942,0.092119,-0.656201,0.012778,0.988098,0.153295,0.662512,-0.123194,0.738851),fov=55.822178,dt=0.018799},
	{cf=CFrame.new(-1.253296,0.857079,-2.649658,0.758762,0.094861,-0.644424,0.013873,0.986761,0.161589,0.651220,-0.131548,0.747400),fov=56.026787,dt=0.015635},
	{cf=CFrame.new(-1.181885,0.816416,-2.704712,0.772164,0.098543,-0.627737,0.015186,0.984757,0.173269,0.635243,-0.143325,0.758897),fov=56.313248,dt=0.017284},
	{cf=CFrame.new(-1.130859,0.787371,-2.744019,0.781564,0.101018,-0.615592,0.016014,0.983228,0.181678,0.623620,-0.151850,0.766838),fov=56.517857,dt=0.016454},
	{cf=CFrame.new(-1.069702,0.752518,-2.791138,0.792589,0.103813,-0.600854,0.016800,0.981309,0.191707,0.609524,-0.162039,0.776031),fov=56.852680,dt=0.016335},
	{cf=CFrame.new(-0.998169,0.711855,-2.846313,0.805148,0.106834,-0.583372,0.017450,0.978949,0.203360,0.592817,-0.173915,0.786334),fov=57.243309,dt=0.017669},
	{cf=CFrame.new(-0.943604,0.675461,-2.891846,0.815217,0.109233,-0.568761,0.017355,0.977004,0.212514,0.578895,-0.183117,0.794574),fov=57.578125,dt=0.016513},
	{cf=CFrame.new(-0.921143,0.631363,-2.929443,0.822898,0.111752,-0.557092,0.014622,0.975978,0.217379,0.568002,-0.187026,0.801496),fov=57.916660,dt=0.016429},
	{cf=CFrame.new(-0.895142,0.579918,-2.973267,0.831681,0.114546,-0.543310,0.011464,0.974739,0.223053,0.555135,-0.191737,0.809359),fov=58.333332,dt=0.019262},
	{cf=CFrame.new(-0.876587,0.543171,-3.004395,0.837830,0.116566,-0.533342,0.009058,0.973837,0.227069,0.545856,-0.195076,0.814853),fov=58.630951,dt=0.014554},
	{cf=CFrame.new(-0.858032,0.506422,-3.035645,0.843810,0.118455,-0.523405,0.006677,0.972941,0.230957,0.536600,-0.198379,0.820187),fov=58.928570,dt=0.014710},
	{cf=CFrame.new(-0.831909,0.454979,-3.079590,0.852046,0.121134,-0.509259,0.003199,0.971634,0.236467,0.523458,-0.203110,0.827490),fov=59.345238,dt=0.018414},
	{cf=CFrame.new(-0.809692,0.410883,-3.116943,0.858928,0.123386,-0.497010,0.000138,0.970483,0.241168,0.512097,-0.207214,0.833558),fov=59.702381,dt=0.016518},
	{cf=CFrame.new(-0.791016,0.374136,-3.148193,0.864551,0.125131,-0.486717,-0.002413,0.969527,0.244971,0.502539,-0.210616,0.838508),fov=60.000000,dt=0.015824},
	{cf=CFrame.new(-0.779785,0.343376,-3.182495,0.864551,0.125131,-0.486717,-0.002413,0.969527,0.244971,0.502539,-0.210616,0.838508),fov=60.416668,dt=0.017963},
	{cf=CFrame.new(-0.770142,0.317013,-3.211670,0.864551,0.125131,-0.486717,-0.002413,0.969527,0.244971,0.502539,-0.210616,0.838508),fov=60.773815,dt=0.016787},
	{cf=CFrame.new(-0.760376,0.290648,-3.241211,0.864551,0.125131,-0.486717,-0.002413,0.969527,0.244971,0.502539,-0.210616,0.838508),fov=61.130951,dt=0.017189},
	{cf=CFrame.new(-0.750732,0.264282,-3.270386,0.864551,0.125131,-0.486717,-0.002413,0.969527,0.244971,0.502539,-0.210616,0.838508),fov=61.488094,dt=0.015688},
	{cf=CFrame.new(-0.741089,0.237921,-3.299683,0.864551,0.125131,-0.486717,-0.002413,0.969527,0.244972,0.502539,-0.210616,0.838508),fov=61.845234,dt=0.016574},
	{cf=CFrame.new(-0.731323,0.211555,-3.329102,0.864551,0.125131,-0.486717,-0.002413,0.969527,0.244972,0.502539,-0.210616,0.838508),fov=62.202381,dt=0.017433},
	{cf=CFrame.new(-0.722656,0.186653,-3.356934,0.864551,0.125131,-0.486717,-0.002413,0.969527,0.244972,0.502539,-0.210616,0.838508),fov=62.559525,dt=0.016775},
	{cf=CFrame.new(-0.718506,0.166134,-3.380737,0.864551,0.125131,-0.486717,-0.002413,0.969527,0.244971,0.502539,-0.210616,0.838508),fov=62.976189,dt=0.018414},
	{cf=CFrame.new(-0.715942,0.154408,-3.394531,0.864551,0.125131,-0.486717,-0.002413,0.969527,0.244971,0.502539,-0.210616,0.838508),fov=63.214291,dt=0.012798},
	{cf=CFrame.new(-0.712402,0.136822,-3.414917,0.864551,0.125131,-0.486717,-0.002413,0.969527,0.244971,0.502539,-0.210616,0.838508),fov=63.571430,dt=0.016950},
	{cf=CFrame.new(-0.708740,0.119234,-3.435547,0.864551,0.125131,-0.486717,-0.002413,0.969527,0.244971,0.502539,-0.210616,0.838508),fov=63.928566,dt=0.016616},
	{cf=CFrame.new(-0.704590,0.098715,-3.459229,0.864551,0.125131,-0.486717,-0.002413,0.969527,0.244971,0.502539,-0.210616,0.838508),fov=64.345238,dt=0.018397},
	{cf=CFrame.new(-0.700928,0.081127,-3.479858,0.864551,0.125131,-0.486717,-0.002413,0.969527,0.244971,0.502539,-0.210616,0.838508),fov=64.702377,dt=0.017862},
	{cf=CFrame.new(-0.697876,0.066471,-3.496826,0.864551,0.125131,-0.486717,-0.002413,0.969527,0.244971,0.502539,-0.210616,0.838508),fov=65.000000,dt=0.013935},
	{cf=CFrame.new(-0.693970,0.047007,-3.519043,0.864551,0.125131,-0.486717,-0.002413,0.969527,0.244971,0.502539,-0.210616,0.838508),fov=65.416664,dt=0.018136},
	{cf=CFrame.new(-0.691650,0.033863,-3.530640,0.864551,0.125131,-0.486717,-0.002413,0.969527,0.244971,0.502539,-0.210616,0.838508),fov=65.833336,dt=0.018761},
	{cf=CFrame.new(-0.690063,0.024477,-3.538574,0.864551,0.125131,-0.486717,-0.002413,0.969527,0.244971,0.502539,-0.210616,0.838508),fov=66.130943,dt=0.013752},
	{cf=CFrame.new(-0.688232,0.013212,-3.548462,0.864551,0.125131,-0.486717,-0.002413,0.969527,0.244971,0.502539,-0.210616,0.838508),fov=66.488098,dt=0.017942},
	{cf=CFrame.new(-0.686035,0.000072,-3.559814,0.864551,0.125131,-0.486717,-0.002413,0.969527,0.244971,0.502539,-0.210616,0.838508),fov=66.904762,dt=0.018390},
	{cf=CFrame.new(-0.684570,-0.007439,-3.566528,0.864551,0.125131,-0.486717,-0.002413,0.969527,0.244971,0.502539,-0.210616,0.838508),fov=67.142860,dt=0.012740},
	{cf=CFrame.new(-0.682373,-0.020582,-3.577881,0.864551,0.125131,-0.486717,-0.002413,0.969527,0.244971,0.502539,-0.210616,0.838508),fov=67.559525,dt=0.019392},
	{cf=CFrame.new(-0.680908,-0.030914,-3.586792,0.864551,0.125131,-0.486717,-0.002413,0.969527,0.244971,0.502539,-0.210616,0.838508),fov=67.916672,dt=0.015560},
	{cf=CFrame.new(-0.681519,-0.035643,-3.590088,0.864551,0.125131,-0.486717,-0.002413,0.969527,0.244971,0.502539,-0.210616,0.838508),fov=68.214287,dt=0.015535},
	{cf=CFrame.new(-0.682373,-0.041317,-3.594116,0.864551,0.125131,-0.486717,-0.002413,0.969527,0.244971,0.502539,-0.210616,0.838508),fov=68.571419,dt=0.016652},
	{cf=CFrame.new(-0.683350,-0.047937,-3.598755,0.864551,0.125131,-0.486717,-0.002413,0.969527,0.244971,0.502539,-0.210616,0.838508),fov=68.988098,dt=0.019126},
	{cf=CFrame.new(-0.684082,-0.053612,-3.602783,0.864551,0.125131,-0.486717,-0.002413,0.969527,0.244971,0.502539,-0.210616,0.838508),fov=69.345238,dt=0.014820},
	{cf=CFrame.new(-0.684937,-0.059288,-3.606812,0.864551,0.125131,-0.486717,-0.002413,0.969527,0.244971,0.502539,-0.210616,0.838508),fov=69.702377,dt=0.016436},
	{cf=CFrame.new(-0.685547,-0.064016,-3.610107,0.864551,0.125131,-0.486717,-0.002413,0.969527,0.244971,0.502539,-0.210616,0.838508),fov=70.000000,dt=0.020115},
	{cf=CFrame.new(-4283.659180,5558.850586,14363.131836,-0.543705,0.000000,-0.839277,-0.000000,1.000000,0.000000,0.839277,0.000000,-0.543705),fov=50.416668,dt=0.013720},
	{cf=CFrame.new(-4284.854004,5558.989258,14362.358398,-0.543705,0.000000,-0.839277,-0.000000,1.000000,0.000000,0.839277,0.000000,-0.543705),fov=53.333332,dt=0.020549},
	{cf=CFrame.new(-4285.707520,5559.087402,14361.806641,-0.543705,0.000000,-0.839277,-0.000000,1.000000,0.000000,0.839277,0.000000,-0.543705),fov=55.416668,dt=0.014648},
	{cf=CFrame.new(-4286.902344,5559.226074,14361.034180,-0.543705,0.000000,-0.839277,-0.000000,1.000000,0.000000,0.839277,0.000000,-0.543705),fov=58.333332,dt=0.018956},
	{cf=CFrame.new(-4288.772461,5559.465820,14359.823242,-0.543705,0.000000,-0.839277,-0.000000,1.000000,0.000000,0.839277,0.000000,-0.543705),fov=63.750000,dt=0.034652},
	{cf=CFrame.new(-4289.204590,5559.576172,14359.540039,-0.543705,-0.000000,-0.839277,0.000000,1.000000,-0.000000,0.839277,-0.000000,-0.543705),fov=65.029343,dt=0.022697},
	{cf=CFrame.new(-4289.583496,5559.672363,14359.293945,-0.543705,-0.000000,-0.839277,0.000000,1.000000,-0.000000,0.839277,-0.000000,-0.543705),fov=65.070419,dt=0.019570},
	{cf=CFrame.new(-4289.799316,5559.728516,14359.151367,-0.543705,-0.000000,-0.839277,0.000000,1.000000,-0.000000,0.839277,-0.000000,-0.543705),fov=65.093895,dt=0.012492},
	{cf=CFrame.new(-4290.124023,5559.811035,14358.940430,-0.543705,-0.000000,-0.839277,0.000000,1.000000,-0.000000,0.839277,-0.000000,-0.543705),fov=65.129105,dt=0.015065},
	{cf=CFrame.new(-4290.311523,5559.843262,14358.818359,-0.543705,-0.000000,-0.839277,0.000000,1.000000,-0.000000,0.839277,-0.000000,-0.543705),fov=65.158447,dt=0.014113},
	{cf=CFrame.new(-4290.442383,5559.851074,14358.733398,-0.543705,-0.000000,-0.839277,0.000000,1.000000,-0.000000,0.839277,-0.000000,-0.543705),fov=65.187790,dt=0.013984},
	{cf=CFrame.new(-4290.574219,5559.857910,14358.649414,-0.543705,-0.000000,-0.839277,0.000000,1.000000,-0.000000,0.839277,-0.000000,-0.543705),fov=65.217133,dt=0.013909},
	{cf=CFrame.new(-4290.732422,5559.867188,14358.547852,-0.543705,0.000000,-0.839277,-0.000000,1.000000,0.000000,0.839277,0.000000,-0.543705),fov=65.252350,dt=0.015888},
	{cf=CFrame.new(-4290.942871,5559.879395,14358.413086,-0.543705,0.000000,-0.839277,-0.000000,1.000000,0.000000,0.839277,0.000000,-0.543705),fov=65.299294,dt=0.022337},
	{cf=CFrame.new(-4291.026855,5559.880859,14358.352539,-0.543705,0.000000,-0.839277,-0.000000,1.000000,0.000000,0.839277,0.000000,-0.543705),fov=65.328636,dt=0.014065},
	{cf=CFrame.new(-4291.036133,5559.875000,14358.333008,-0.543705,0.000000,-0.839277,-0.000000,1.000000,0.000000,0.839277,0.000000,-0.543705),fov=65.352119,dt=0.012218},
	{cf=CFrame.new(-4291.051270,5559.866211,14358.303711,-0.543705,0.000000,-0.839277,-0.000000,1.000000,0.000000,0.839277,0.000000,-0.543705),fov=65.387314,dt=0.017260},
	{cf=CFrame.new(-4291.067871,5559.856445,14358.267578,-0.543705,0.000000,-0.839277,-0.000000,1.000000,0.000000,0.839277,0.000000,-0.543705),fov=65.428406,dt=0.017134},
	{cf=CFrame.new(-4291.083008,5559.847656,14358.238281,-0.543705,-0.000000,-0.839277,0.000000,1.000000,-0.000000,0.839277,-0.000000,-0.543705),fov=65.463623,dt=0.018060},
	{cf=CFrame.new(-4291.098145,5559.841309,14358.219727,-0.543705,-0.000000,-0.839277,0.000000,1.000000,-0.000000,0.839277,-0.000000,-0.543705),fov=65.498817,dt=0.017620},
	{cf=CFrame.new(-4291.116211,5559.850098,14358.257812,-0.543705,-0.000000,-0.839277,0.000000,1.000000,-0.000000,0.839277,-0.000000,-0.543705),fov=65.534035,dt=0.016808},
	{cf=CFrame.new(-4291.137207,5559.859375,14358.300781,-0.543705,-0.000000,-0.839277,0.000000,1.000000,-0.000000,0.839277,-0.000000,-0.543705),fov=65.575127,dt=0.018307},
	{cf=CFrame.new(-4291.148926,5559.864746,14358.326172,-0.543705,-0.000000,-0.839276,0.000000,1.000000,-0.000000,0.839276,-0.000000,-0.543705),fov=65.598595,dt=0.011803},
	{cf=CFrame.new(-4291.165527,5559.952637,14358.280273,-0.543705,-0.000000,-0.839277,0.000000,1.000000,-0.000000,0.839277,-0.000000,-0.543705),fov=65.633804,dt=0.016667},
	{cf=CFrame.new(-4291.185059,5560.054688,14358.226562,-0.543705,-0.000000,-0.839277,0.000000,1.000000,-0.000000,0.839277,-0.000000,-0.543705),fov=65.674881,dt=0.018187},
	{cf=CFrame.new(-4291.212891,5560.095703,14358.197266,-0.543705,0.000000,-0.839277,-0.000000,1.000000,0.000000,0.839277,0.000000,-0.543705),fov=65.721832,dt=0.021458},
	{cf=CFrame.new(-4291.239746,5560.031250,14358.212891,-0.543705,0.000000,-0.839277,-0.000000,1.000000,0.000000,0.839277,0.000000,-0.543705),fov=65.757042,dt=0.018420},
	{cf=CFrame.new(-4291.253906,5559.998535,14358.220703,-0.543705,0.000000,-0.839277,-0.000000,1.000000,0.000000,0.839277,0.000000,-0.543705),fov=65.774651,dt=0.008811},
	{cf=CFrame.new(-4291.280762,5559.933594,14358.236328,-0.543705,0.000000,-0.839276,-0.000000,1.000000,0.000000,0.839276,0.000000,-0.543705),fov=65.809860,dt=0.015866},
	{cf=CFrame.new(-4291.273926,5559.920410,14358.219727,-0.543705,0.000000,-0.839277,-0.000000,1.000000,0.000000,0.839277,0.000000,-0.543705),fov=65.845070,dt=0.017324},
	{cf=CFrame.new(-4291.272949,5559.907227,14358.199219,-0.543705,0.000000,-0.839277,-0.000000,1.000000,0.000000,0.839277,0.000000,-0.543705),fov=65.892021,dt=0.020407},
	{cf=CFrame.new(-4291.286133,5559.907227,14358.190430,-0.543705,-0.000000,-0.839277,0.000000,1.000000,-0.000000,0.839277,-0.000000,-0.543705),fov=65.921364,dt=0.015963},
	{cf=CFrame.new(-4291.300293,5559.907227,14358.181641,-0.543705,-0.000000,-0.839277,0.000000,1.000000,-0.000000,0.839277,-0.000000,-0.543705),fov=65.950706,dt=0.012960},
	{cf=CFrame.new(-4291.316406,5559.907715,14358.170898,-0.543705,-0.000000,-0.839277,0.000000,1.000000,-0.000000,0.839277,-0.000000,-0.543705),fov=65.985916,dt=0.017103},
	{cf=CFrame.new(-4291.335449,5559.907715,14358.159180,-0.543705,-0.000000,-0.839277,0.000000,1.000000,-0.000000,0.839277,-0.000000,-0.543705),fov=66.026993,dt=0.019361},
	{cf=CFrame.new(-4291.354004,5559.907715,14358.146484,-0.543705,-0.000000,-0.839277,0.000000,1.000000,-0.000000,0.839277,-0.000000,-0.543705),fov=66.068077,dt=0.019952},
	{cf=CFrame.new(-4291.368652,5559.930664,14358.163086,-0.543705,-0.000000,-0.839277,0.000000,1.000000,-0.000000,0.839277,-0.000000,-0.543705),fov=66.109154,dt=0.017710},
	{cf=CFrame.new(-4291.372070,5559.953125,14358.186523,-0.543705,-0.000000,-0.839277,0.000000,1.000000,-0.000000,0.839277,-0.000000,-0.543705),fov=66.126762,dt=0.008996},
	{cf=CFrame.new(-4291.380371,5559.999023,14358.232422,-0.543705,0.000000,-0.839276,-0.000000,1.000000,0.000000,0.839276,0.000000,-0.543705),fov=66.161972,dt=0.017224},
	{cf=CFrame.new(-4291.413086,5560.000488,14358.172852,-0.543705,0.000000,-0.839277,-0.000000,1.000000,0.000000,0.839277,0.000000,-0.543705),fov=66.203049,dt=0.018543},
	{cf=CFrame.new(-4291.440918,5560.001465,14358.121094,-0.543705,0.000000,-0.839277,-0.000000,1.000000,0.000000,0.839277,0.000000,-0.543705),fov=66.238258,dt=0.016895},
	{cf=CFrame.new(-4291.468750,5560.002441,14358.069336,-0.543705,0.000000,-0.839277,-0.000000,1.000000,0.000000,0.839277,0.000000,-0.543705),fov=66.273476,dt=0.017404},
	{cf=CFrame.new(-4291.492188,5560.003906,14358.025391,-0.543705,0.000000,-0.839276,-0.000000,1.000000,0.000000,0.839276,0.000000,-0.543705),fov=66.302818,dt=0.013910},
	{cf=CFrame.new(-4291.505371,5559.973633,14358.064453,-0.543705,0.000000,-0.839277,-0.000000,1.000000,0.000000,0.839277,0.000000,-0.543705),fov=66.338036,dt=0.016070},
	{cf=CFrame.new(-4291.521484,5559.938477,14358.110352,-0.543705,0.000000,-0.839277,-0.000000,1.000000,0.000000,0.839277,0.000000,-0.543705),fov=66.379105,dt=0.019826},
	{cf=CFrame.new(-4291.528809,5559.914062,14358.141602,-0.543705,-0.000000,-0.839277,0.000000,1.000000,-0.000000,0.839277,-0.000000,-0.543705),fov=66.414322,dt=0.017179},
	{cf=CFrame.new(-4291.503418,5559.919434,14358.137695,-0.543705,-0.000000,-0.839277,0.000000,1.000000,-0.000000,0.839277,-0.000000,-0.543705),fov=66.449539,dt=0.016221},
	{cf=CFrame.new(-4291.482910,5559.923828,14358.135742,-0.543705,-0.000000,-0.839277,0.000000,1.000000,-0.000000,0.839277,-0.000000,-0.543705),fov=66.478867,dt=0.013762},
	{cf=CFrame.new(-4291.459961,5559.917969,14358.126953,-0.543705,-0.000000,-0.839277,0.000000,1.000000,-0.000000,0.839277,-0.000000,-0.543705),fov=66.525818,dt=0.020759},
	{cf=CFrame.new(-4291.466797,5559.891602,14358.118164,-0.543705,-0.000000,-0.839277,0.000000,1.000000,-0.000000,0.839277,-0.000000,-0.543705),fov=66.555161,dt=0.013868},
	{cf=CFrame.new(-4291.474121,5559.859375,14358.105469,-0.543705,-0.000000,-0.839277,0.000000,1.000000,-0.000000,0.839277,-0.000000,-0.543705),fov=66.590370,dt=0.018155},
	{cf=CFrame.new(-4291.480469,5559.833008,14358.096680,-0.543705,0.000000,-0.839276,-0.000000,1.000000,0.000000,0.839276,0.000000,-0.543705),fov=66.619720,dt=0.014877},
	{cf=CFrame.new(-4291.477539,5559.907227,14358.066406,-0.543705,0.000000,-0.839277,-0.000000,1.000000,0.000000,0.839277,0.000000,-0.543705),fov=66.660797,dt=0.018536},
	{cf=CFrame.new(-4291.479004,5559.906738,14358.065430,-0.543705,0.000000,-0.839276,-0.000000,1.000000,0.000000,0.839276,0.000000,-0.543705),fov=66.690147,dt=0.014010},
	{cf=CFrame.new(-4291.469238,5559.990234,14358.044922,-0.543705,0.000000,-0.839277,-0.000000,1.000000,0.000000,0.839277,0.000000,-0.543705),fov=66.725342,dt=0.016861},
	{cf=CFrame.new(-4291.464844,5560.045898,14358.031250,-0.543705,0.000000,-0.839277,-0.000000,1.000000,0.000000,0.839277,0.000000,-0.543705),fov=66.772301,dt=0.020229},
	{cf=CFrame.new(-4291.476562,5559.976562,14358.044922,-0.543705,0.000000,-0.839277,-0.000000,1.000000,0.000000,0.839277,0.000000,-0.543705),fov=66.801651,dt=0.016229},
	{cf=CFrame.new(-4291.489258,5559.907227,14358.058594,-0.543705,0.000000,-0.839277,-0.000000,1.000000,0.000000,0.839277,0.000000,-0.543705),fov=66.836845,dt=0.014303},
	{cf=CFrame.new(-4291.491211,5559.907227,14358.057617,-0.543705,-0.000000,-0.839276,0.000000,1.000000,-0.000000,0.839276,-0.000000,-0.543705),fov=66.866196,dt=0.016479},
	{cf=CFrame.new(-4291.481445,5559.938965,14358.022461,-0.543705,-0.000000,-0.839277,0.000000,1.000000,-0.000000,0.839277,-0.000000,-0.543705),fov=66.907280,dt=0.017066},
	{cf=CFrame.new(-4291.474121,5559.962402,14357.997070,-0.543705,-0.000000,-0.839277,0.000000,1.000000,-0.000000,0.839277,-0.000000,-0.543705),fov=66.936623,dt=0.015482},
	{cf=CFrame.new(-4291.465332,5559.989746,14357.964844,-0.543705,-0.000000,-0.839276,0.000000,1.000000,-0.000000,0.839276,-0.000000,-0.543705),fov=66.971832,dt=0.015681},
	{cf=CFrame.new(-4291.513184,5559.956543,14357.999023,-0.543705,-0.000000,-0.839277,0.000000,1.000000,-0.000000,0.839277,-0.000000,-0.543705),fov=67.007042,dt=0.017553},
	{cf=CFrame.new(-4291.561523,5559.923828,14358.034180,-0.543705,-0.000000,-0.839277,0.000000,1.000000,-0.000000,0.839277,-0.000000,-0.543705),fov=67.042252,dt=0.016053},
	{cf=CFrame.new(-4291.609375,5559.890137,14358.068359,-0.543705,-0.000000,-0.839276,0.000000,1.000000,-0.000000,0.839276,-0.000000,-0.543705),fov=67.077461,dt=0.016645},
	{cf=CFrame.new(-4291.567871,5559.893066,14358.065430,-0.543705,0.000000,-0.839277,-0.000000,1.000000,0.000000,0.839277,0.000000,-0.543705),fov=67.112679,dt=0.016442},
	{cf=CFrame.new(-4291.526367,5559.895508,14358.061523,-0.543705,0.000000,-0.839277,-0.000000,1.000000,0.000000,0.839277,0.000000,-0.543705),fov=67.147888,dt=0.016408},
	{cf=CFrame.new(-4291.485352,5559.897949,14358.058594,-0.543705,0.000000,-0.839276,-0.000000,1.000000,0.000000,0.839276,0.000000,-0.543705),fov=67.183098,dt=0.017321},
	{cf=CFrame.new(-4291.486816,5559.896484,14358.035156,-0.543705,0.000000,-0.839277,-0.000000,1.000000,0.000000,0.839277,0.000000,-0.543705),fov=67.218307,dt=0.015847},
	{cf=CFrame.new(-4291.489258,5559.895508,14358.011719,-0.543705,0.000000,-0.839277,-0.000000,1.000000,0.000000,0.839277,0.000000,-0.543705),fov=67.253525,dt=0.016994},
	{cf=CFrame.new(-4291.491211,5559.895020,14357.988281,-0.543705,0.000000,-0.839276,-0.000000,1.000000,0.000000,0.839276,0.000000,-0.543705),fov=67.288734,dt=0.016674},
	{cf=CFrame.new(-4291.524414,5559.854492,14358.041016,-0.543705,0.000000,-0.839277,-0.000000,1.000000,0.000000,0.839277,0.000000,-0.543705),fov=67.323944,dt=0.016551},
	{cf=CFrame.new(-4291.557129,5559.813965,14358.095703,-0.543705,-0.000000,-0.839277,0.000000,1.000000,-0.000000,0.839277,-0.000000,-0.543705),fov=67.359154,dt=0.017213},
	{cf=CFrame.new(-4291.589844,5559.773926,14358.148438,-0.543705,-0.000000,-0.839276,0.000000,1.000000,-0.000000,0.839276,-0.000000,-0.543705),fov=67.394363,dt=0.016447},
	{cf=CFrame.new(-4291.553223,5559.840820,14358.095703,-0.543705,-0.000000,-0.839277,0.000000,1.000000,-0.000000,0.839277,-0.000000,-0.543705),fov=67.429588,dt=0.016540},
	{cf=CFrame.new(-4291.516113,5559.907715,14358.041016,-0.543705,-0.000000,-0.839276,0.000000,1.000000,-0.000000,0.839276,-0.000000,-0.543705),fov=67.464790,dt=0.016730},
	{cf=CFrame.new(-4291.521973,5559.897949,14358.055664,-0.543705,-0.000000,-0.839277,0.000000,1.000000,-0.000000,0.839277,-0.000000,-0.543705),fov=67.500000,dt=0.016042},
	{cf=CFrame.new(-4291.526855,5559.888184,14358.068359,-0.543705,-0.000000,-0.839277,0.000000,1.000000,-0.000000,0.839277,-0.000000,-0.543705),fov=67.535210,dt=0.017551},
	{cf=CFrame.new(-4291.532227,5559.878906,14358.081055,-0.543705,-0.000000,-0.839277,0.000000,1.000000,-0.000000,0.839277,-0.000000,-0.543705),fov=67.570419,dt=0.016350},
	{cf=CFrame.new(-4291.537598,5559.869141,14358.094727,-0.543705,0.000000,-0.839276,-0.000000,1.000000,0.000000,0.839276,0.000000,-0.543705),fov=67.605637,dt=0.018042},
	{cf=CFrame.new(-4291.535156,5559.874512,14358.068359,-0.543705,0.000000,-0.839277,-0.000000,1.000000,0.000000,0.839277,0.000000,-0.543705),fov=67.640846,dt=0.015795},
	{cf=CFrame.new(-4291.533691,5559.880859,14358.042969,-0.543705,0.000000,-0.839277,-0.000000,1.000000,0.000000,0.839277,0.000000,-0.543705),fov=67.676064,dt=0.016080},
	{cf=CFrame.new(-4291.532227,5559.886719,14358.017578,-0.543705,0.000000,-0.839276,-0.000000,1.000000,0.000000,0.839276,0.000000,-0.543705),fov=67.711258,dt=0.016826},
	{cf=CFrame.new(-4291.530762,5559.894043,14358.022461,-0.543705,0.000000,-0.839277,-0.000000,1.000000,0.000000,0.839277,0.000000,-0.543705),fov=67.746475,dt=0.017411},
	{cf=CFrame.new(-4291.529297,5559.900391,14358.028320,-0.543705,0.000000,-0.839277,-0.000000,1.000000,0.000000,0.839277,0.000000,-0.543705),fov=67.781700,dt=0.016838},
	{cf=CFrame.new(-4291.527344,5559.907227,14358.034180,-0.543705,-0.000000,-0.839276,0.000000,1.000000,-0.000000,0.839276,-0.000000,-0.543705),fov=67.816895,dt=0.016114},
	{cf=CFrame.new(-4291.515625,5559.901367,14358.061523,-0.543705,-0.000000,-0.839277,0.000000,1.000000,-0.000000,0.839277,-0.000000,-0.543705),fov=67.852112,dt=0.016003},
	{cf=CFrame.new(-4291.502930,5559.896484,14358.089844,-0.543705,-0.000000,-0.839277,0.000000,1.000000,-0.000000,0.839277,-0.000000,-0.543705),fov=67.887321,dt=0.017237},
	{cf=CFrame.new(-4291.490234,5559.890625,14358.116211,-0.543705,-0.000000,-0.839276,0.000000,1.000000,-0.000000,0.839276,-0.000000,-0.543705),fov=67.922531,dt=0.016260},
	{cf=CFrame.new(-4291.494629,5559.869629,14358.079102,-0.543705,-0.000000,-0.839277,0.000000,1.000000,-0.000000,0.839277,-0.000000,-0.543705),fov=67.957748,dt=0.016457},
	{cf=CFrame.new(-4291.498535,5559.848633,14358.041016,-0.543705,-0.000000,-0.839277,0.000000,1.000000,-0.000000,0.839277,-0.000000,-0.543705),fov=67.992958,dt=0.017070},
	{cf=CFrame.new(-4291.501953,5559.827148,14358.002930,-0.543705,-0.000000,-0.839276,0.000000,1.000000,-0.000000,0.839276,-0.000000,-0.543705),fov=68.028175,dt=0.017086},
	{cf=CFrame.new(-4291.541504,5559.874512,14358.016602,-0.543705,0.000000,-0.839277,-0.000000,1.000000,0.000000,0.839277,0.000000,-0.543705),fov=68.063370,dt=0.017212},
	{cf=CFrame.new(-4291.581055,5559.921875,14358.030273,-0.543705,0.000000,-0.839277,-0.000000,1.000000,0.000000,0.839277,0.000000,-0.543705),fov=68.098595,dt=0.015917},
	{cf=CFrame.new(-4291.620117,5559.968750,14358.042969,-0.543705,0.000000,-0.839276,-0.000000,1.000000,0.000000,0.839276,0.000000,-0.543705),fov=68.133804,dt=0.015969},
	{cf=CFrame.new(-4291.592773,5559.947266,14358.049805,-0.543705,0.000000,-0.839277,-0.000000,1.000000,0.000000,0.839277,0.000000,-0.543705),fov=68.169014,dt=0.016797},
	{cf=CFrame.new(-4291.565430,5559.925293,14358.057617,-0.543705,0.000000,-0.839277,-0.000000,1.000000,0.000000,0.839277,0.000000,-0.543705),fov=68.204224,dt=0.016695},
	{cf=CFrame.new(-4291.537598,5559.904297,14358.063477,-0.543705,0.000000,-0.839276,-0.000000,1.000000,0.000000,0.839276,0.000000,-0.543705),fov=68.239433,dt=0.016911},
	{cf=CFrame.new(-4291.520996,5559.878418,14358.047852,-0.543705,0.000000,-0.839277,-0.000000,1.000000,0.000000,0.839277,0.000000,-0.543705),fov=68.274651,dt=0.016784},
	{cf=CFrame.new(-4291.503418,5559.852051,14358.031250,-0.543705,-0.000000,-0.839277,0.000000,1.000000,-0.000000,0.839277,-0.000000,-0.543705),fov=68.309860,dt=0.016671},
	{cf=CFrame.new(-4291.485840,5559.826172,14358.014648,-0.543705,-0.000000,-0.839276,0.000000,1.000000,-0.000000,0.839276,-0.000000,-0.543705),fov=68.345070,dt=0.016942},
	{cf=CFrame.new(-4291.503906,5559.853516,14358.019531,-0.543705,-0.000000,-0.839277,0.000000,1.000000,-0.000000,0.839277,-0.000000,-0.543705),fov=68.380280,dt=0.016357},
	{cf=CFrame.new(-4291.520996,5559.880859,14358.023438,-0.543705,-0.000000,-0.839277,0.000000,1.000000,-0.000000,0.839277,-0.000000,-0.543705),fov=68.415489,dt=0.017734},
	{cf=CFrame.new(-4291.538086,5559.907715,14358.027344,-0.543705,-0.000000,-0.839276,0.000000,1.000000,-0.000000,0.839276,-0.000000,-0.543705),fov=68.450706,dt=0.017194},
	{cf=CFrame.new(-4291.537109,5559.904785,14358.026367,-0.543705,-0.000000,-0.839277,0.000000,1.000000,-0.000000,0.839277,-0.000000,-0.543705),fov=68.485916,dt=0.014715},
	{cf=CFrame.new(-4291.535645,5559.902344,14358.025391,-0.543705,-0.000000,-0.839277,0.000000,1.000000,-0.000000,0.839277,-0.000000,-0.543705),fov=68.521126,dt=0.016910},
	{cf=CFrame.new(-4291.534668,5559.899902,14358.025391,-0.543705,0.000000,-0.839277,-0.000000,1.000000,0.000000,0.839277,0.000000,-0.543705),fov=68.556335,dt=0.016578},
	{cf=CFrame.new(-4291.533203,5559.896973,14358.023438,-0.543705,0.000000,-0.839277,-0.000000,1.000000,0.000000,0.839277,0.000000,-0.543705),fov=68.591553,dt=0.017376},
	{cf=CFrame.new(-4291.531738,5559.894531,14358.022461,-0.543705,0.000000,-0.839277,-0.000000,1.000000,0.000000,0.839277,0.000000,-0.543705),fov=68.626762,dt=0.016349},
	{cf=CFrame.new(-4291.531250,5559.892090,14358.021484,-0.543705,0.000000,-0.839277,-0.000000,1.000000,0.000000,0.839277,0.000000,-0.543705),fov=68.661972,dt=0.016543},
	{cf=CFrame.new(-4291.530273,5559.890137,14358.019531,-0.543705,0.000000,-0.839276,-0.000000,1.000000,0.000000,0.839276,0.000000,-0.543705),fov=68.697182,dt=0.016549},
	{cf=CFrame.new(-4291.531738,5559.888672,14358.022461,-0.543705,0.000000,-0.839277,-0.000000,1.000000,0.000000,0.839277,0.000000,-0.543705),fov=68.732391,dt=0.018178},
	{cf=CFrame.new(-4291.532715,5559.887207,14358.024414,-0.543705,-0.000000,-0.839277,0.000000,1.000000,-0.000000,0.839277,-0.000000,-0.543705),fov=68.767616,dt=0.015314},
	{cf=CFrame.new(-4291.534180,5559.885254,14358.026367,-0.543705,-0.000000,-0.839277,0.000000,1.000000,-0.000000,0.839277,-0.000000,-0.543705),fov=68.802811,dt=0.017209},
	{cf=CFrame.new(-4291.535645,5559.884277,14358.028320,-0.543705,-0.000000,-0.839277,0.000000,1.000000,-0.000000,0.839277,-0.000000,-0.543705),fov=68.838028,dt=0.016430},
	{cf=CFrame.new(-4291.535156,5559.883301,14358.029297,-0.543705,-0.000000,-0.839277,0.000000,1.000000,-0.000000,0.839277,-0.000000,-0.543705),fov=68.879105,dt=0.018102},
	{cf=CFrame.new(-4291.530762,5559.885254,14358.027344,-0.543705,-0.000000,-0.839277,0.000000,1.000000,-0.000000,0.839277,-0.000000,-0.543705),fov=68.908447,dt=0.014867},
	{cf=CFrame.new(-4291.525391,5559.887207,14358.025391,-0.543705,-0.000000,-0.839277,0.000000,1.000000,-0.000000,0.839277,-0.000000,-0.543705),fov=68.943665,dt=0.017100},
	{cf=CFrame.new(-4291.518555,5559.889648,14358.022461,-0.543705,-0.000000,-0.839277,0.000000,1.000000,-0.000000,0.839277,-0.000000,-0.543705),fov=68.984741,dt=0.017931},
	{cf=CFrame.new(-4291.513672,5559.891602,14358.020508,-0.543705,0.000000,-0.839277,-0.000000,1.000000,0.000000,0.839277,0.000000,-0.543705),fov=69.014084,dt=0.014871},
	{cf=CFrame.new(-4291.507812,5559.893555,14358.017578,-0.543705,0.000000,-0.839276,-0.000000,1.000000,0.000000,0.839276,0.000000,-0.543705),fov=69.049286,dt=0.016716},
	{cf=CFrame.new(-4291.514160,5559.896484,14358.016602,-0.543705,0.000000,-0.839277,-0.000000,1.000000,0.000000,0.839277,0.000000,-0.543705),fov=69.084511,dt=0.017237},
	{cf=CFrame.new(-4291.521484,5559.899414,14358.015625,-0.543705,0.000000,-0.839277,-0.000000,1.000000,0.000000,0.839277,0.000000,-0.543705),fov=69.119728,dt=0.016193},
	{cf=CFrame.new(-4291.528809,5559.902832,14358.014648,-0.543705,0.000000,-0.839277,-0.000000,1.000000,0.000000,0.839277,0.000000,-0.543705),fov=69.154922,dt=0.017416},
	{cf=CFrame.new(-4291.535645,5559.905273,14358.013672,-0.543705,0.000000,-0.839277,-0.000000,1.000000,0.000000,0.839277,0.000000,-0.543705),fov=69.190140,dt=0.015576},
	{cf=CFrame.new(-4291.542480,5559.908203,14358.012695,-0.543705,-0.000000,-0.839276,0.000000,1.000000,-0.000000,0.839276,-0.000000,-0.543705),fov=69.225349,dt=0.017774},
	{cf=CFrame.new(-4291.541992,5559.904297,14358.018555,-0.543705,-0.000000,-0.839277,0.000000,1.000000,-0.000000,0.839277,-0.000000,-0.543705),fov=69.260567,dt=0.017051},
	{cf=CFrame.new(-4291.541992,5559.900879,14358.025391,-0.543705,-0.000000,-0.839277,0.000000,1.000000,-0.000000,0.839277,-0.000000,-0.543705),fov=69.295776,dt=0.015591},
	{cf=CFrame.new(-4291.541504,5559.896484,14358.031250,-0.543705,-0.000000,-0.839277,0.000000,1.000000,-0.000000,0.839277,-0.000000,-0.543705),fov=69.330986,dt=0.016489},
	{cf=CFrame.new(-4291.540527,5559.892578,14358.037109,-0.543705,-0.000000,-0.839277,0.000000,1.000000,-0.000000,0.839277,-0.000000,-0.543705),fov=69.366203,dt=0.017397},
	{cf=CFrame.new(-4291.540039,5559.888184,14358.042969,-0.543705,-0.000000,-0.839276,0.000000,1.000000,-0.000000,0.839276,-0.000000,-0.543705),fov=69.401398,dt=0.017235},
	{cf=CFrame.new(-4291.539062,5559.892578,14358.045898,-0.543705,-0.000000,-0.839277,0.000000,1.000000,-0.000000,0.839277,-0.000000,-0.543705),fov=69.436623,dt=0.016646},
	{cf=CFrame.new(-4291.538086,5559.897461,14358.047852,-0.543705,0.000000,-0.839277,-0.000000,1.000000,0.000000,0.839277,0.000000,-0.543705),fov=69.471832,dt=0.015900},
	{cf=CFrame.new(-4291.537598,5559.901367,14358.050781,-0.543705,0.000000,-0.839277,-0.000000,1.000000,0.000000,0.839277,0.000000,-0.543705),fov=69.507042,dt=0.015921},
	{cf=CFrame.new(-4291.536621,5559.906250,14358.053711,-0.543705,0.000000,-0.839277,-0.000000,1.000000,0.000000,0.839277,0.000000,-0.543705),fov=69.542252,dt=0.018404},
	{cf=CFrame.new(-4291.535645,5559.910645,14358.055664,-0.543705,0.000000,-0.839276,-0.000000,1.000000,0.000000,0.839276,0.000000,-0.543705),fov=69.577461,dt=0.016738},
	{cf=CFrame.new(-4291.536133,5559.908203,14358.055664,-0.543705,0.000000,-0.839277,-0.000000,1.000000,0.000000,0.839277,0.000000,-0.543705),fov=69.612679,dt=0.015069},
	{cf=CFrame.new(-4291.535645,5559.905762,14358.054688,-0.543705,0.000000,-0.839277,-0.000000,1.000000,0.000000,0.839277,0.000000,-0.543705),fov=69.647888,dt=0.016890},
	{cf=CFrame.new(-4291.535645,5559.903320,14358.053711,-0.543705,-0.000000,-0.839277,0.000000,1.000000,-0.000000,0.839277,-0.000000,-0.543705),fov=69.683098,dt=0.017230},
	{cf=CFrame.new(-4291.535645,5559.900879,14358.052734,-0.543705,-0.000000,-0.839277,0.000000,1.000000,-0.000000,0.839277,-0.000000,-0.543705),fov=69.718307,dt=0.016603},
	{cf=CFrame.new(-4291.535645,5559.898926,14358.051758,-0.543705,-0.000000,-0.839276,0.000000,1.000000,-0.000000,0.839276,-0.000000,-0.543705),fov=69.753525,dt=0.016507},
	{cf=CFrame.new(-4291.530273,5559.900879,14358.045898,-0.543705,-0.000000,-0.839277,0.000000,1.000000,-0.000000,0.839277,-0.000000,-0.543705),fov=69.788734,dt=0.016498},
	{cf=CFrame.new(-4291.525391,5559.902832,14358.041016,-0.543705,-0.000000,-0.839277,0.000000,1.000000,-0.000000,0.839277,-0.000000,-0.543705),fov=69.823944,dt=0.016764},
	{cf=CFrame.new(-4291.520508,5559.904297,14358.036133,-0.543705,-0.000000,-0.839277,0.000000,1.000000,-0.000000,0.839277,-0.000000,-0.543705),fov=69.859154,dt=0.016288},
	{cf=CFrame.new(-4291.515137,5559.906250,14358.032227,-0.543705,-0.000000,-0.839277,0.000000,1.000000,-0.000000,0.839277,-0.000000,-0.543705),fov=69.894363,dt=0.017054},
	{cf=CFrame.new(-4291.509766,5559.908203,14358.025391,-0.543705,0.000000,-0.839276,-0.000000,1.000000,0.000000,0.839276,0.000000,-0.543705),fov=69.929581,dt=0.016954},
	{cf=CFrame.new(-4291.523926,5559.907227,14358.027344,-0.543705,0.000000,-0.839277,-0.000000,1.000000,0.000000,0.839277,0.000000,-0.543705),fov=69.964790,dt=0.016105},
	{cf=CFrame.new(-4291.537109,5559.906738,14358.027344,-0.543705,0.000000,-0.839276,-0.000000,1.000000,0.000000,0.839276,0.000000,-0.543705),fov=70.000000,dt=0.017407},
	{cf=CFrame.new(-1.453857,0.146362,-2.936768,0.718040,0.184744,-0.671036,0.000009,0.964126,0.265444,0.696002,-0.190605,0.692280),fov=40.000000,dt=0.015814},
	{cf=CFrame.new(-1.453857,0.146362,-2.936768,0.718040,0.184744,-0.671036,0.000009,0.964126,0.265444,0.696002,-0.190605,0.692280),fov=40.000000,dt=0.020381},
	{cf=CFrame.new(-1.453857,0.146362,-2.936768,0.718040,0.184744,-0.671036,0.000009,0.964126,0.265444,0.696002,-0.190605,0.692280),fov=40.000000,dt=0.012642},
	{cf=CFrame.new(-1.453857,0.146360,-2.936768,0.718040,0.184744,-0.671036,0.000009,0.964126,0.265444,0.696002,-0.190605,0.692280),fov=40.000000,dt=0.016551},
	{cf=CFrame.new(-1.453979,0.146358,-2.936768,0.718040,0.184744,-0.671036,0.000009,0.964126,0.265444,0.696002,-0.190605,0.692280),fov=40.000000,dt=0.016700},
	{cf=CFrame.new(-1.454102,0.146357,-2.936890,0.718040,0.184744,-0.671036,0.000009,0.964126,0.265444,0.696002,-0.190605,0.692280),fov=40.000000,dt=0.016611},
	{cf=CFrame.new(-1.454224,0.146353,-2.936890,0.718040,0.184744,-0.671036,0.000009,0.964126,0.265444,0.696002,-0.190605,0.692280),fov=40.000000,dt=0.017944},
	{cf=CFrame.new(-1.454346,0.146349,-2.937012,0.718040,0.184744,-0.671036,0.000009,0.964126,0.265444,0.696002,-0.190605,0.692280),fov=40.000000,dt=0.015654},
	{cf=CFrame.new(-1.454346,0.146345,-2.937378,0.718040,0.184744,-0.671036,0.000009,0.964126,0.265444,0.696002,-0.190605,0.692280),fov=40.000000,dt=0.016623},
	{cf=CFrame.new(-1.454468,0.146341,-2.937500,0.718040,0.184744,-0.671036,0.000009,0.964126,0.265444,0.696002,-0.190605,0.692280),fov=40.000000,dt=0.016671},
	{cf=CFrame.new(-1.454712,0.146336,-2.937622,0.718040,0.184744,-0.671036,0.000009,0.964126,0.265444,0.696002,-0.190605,0.692280),fov=40.000000,dt=0.016645},
	{cf=CFrame.new(-1.454834,0.146330,-2.937744,0.718040,0.184744,-0.671036,0.000009,0.964126,0.265444,0.696002,-0.190605,0.692280),fov=40.000000,dt=0.016804},
	{cf=CFrame.new(-1.454956,0.146324,-2.937988,0.718040,0.184744,-0.671036,0.000009,0.964126,0.265444,0.696002,-0.190605,0.692280),fov=40.000000,dt=0.017637},
	{cf=CFrame.new(-1.455200,0.146317,-2.938232,0.718040,0.184744,-0.671036,0.000009,0.964126,0.265444,0.696002,-0.190605,0.692280),fov=40.000000,dt=0.016566},
	{cf=CFrame.new(-1.455444,0.146311,-2.938354,0.718040,0.184744,-0.671036,0.000009,0.964126,0.265444,0.696002,-0.190605,0.692280),fov=40.000000,dt=0.016028},
	{cf=CFrame.new(-1.455688,0.146301,-2.938721,0.718040,0.184744,-0.671036,0.000009,0.964126,0.265444,0.696002,-0.190605,0.692280),fov=40.000000,dt=0.016853},
	{cf=CFrame.new(-1.455933,0.146294,-2.938965,0.718040,0.184744,-0.671036,0.000009,0.964126,0.265444,0.696002,-0.190605,0.692280),fov=40.000000,dt=0.016220},
	{cf=CFrame.new(-1.456177,0.146284,-2.939331,0.718040,0.184744,-0.671036,0.000009,0.964126,0.265444,0.696002,-0.190605,0.692280),fov=40.000000,dt=0.017892},
	{cf=CFrame.new(-1.456543,0.146276,-2.939575,0.718040,0.184744,-0.671036,0.000009,0.964126,0.265444,0.696002,-0.190605,0.692280),fov=40.000000,dt=0.015382},
	{cf=CFrame.new(-1.456665,0.146267,-2.940063,0.718040,0.184744,-0.671036,0.000009,0.964126,0.265444,0.696002,-0.190605,0.692280),fov=40.000000,dt=0.017200},
	{cf=CFrame.new(-1.457153,0.146255,-2.940308,0.718040,0.184744,-0.671036,0.000009,0.964126,0.265444,0.696002,-0.190605,0.692280),fov=40.000000,dt=0.016242},
	{cf=CFrame.new(-1.457397,0.146244,-2.940796,0.718040,0.184744,-0.671036,0.000009,0.964126,0.265444,0.696002,-0.190605,0.692280),fov=40.000000,dt=0.018414},
	{cf=CFrame.new(-1.457886,0.146231,-2.941040,0.718040,0.184744,-0.671036,0.000009,0.964126,0.265444,0.696002,-0.190605,0.692280),fov=40.000000,dt=0.016944},
	{cf=CFrame.new(-1.458130,0.146221,-2.941528,0.718040,0.184744,-0.671036,0.000009,0.964126,0.265444,0.696002,-0.190605,0.692280),fov=40.000000,dt=0.014489},
	{cf=CFrame.new(-1.458374,0.146210,-2.942017,0.718040,0.184744,-0.671036,0.000009,0.964126,0.265444,0.696002,-0.190605,0.692280),fov=40.000000,dt=0.016694},
	{cf=CFrame.new(-1.458984,0.146194,-2.942383,0.718040,0.184744,-0.671036,0.000009,0.964126,0.265444,0.696002,-0.190605,0.692280),fov=40.000000,dt=0.019372},
	{cf=CFrame.new(-1.459351,0.146179,-2.942993,0.718040,0.184744,-0.671036,0.000009,0.964126,0.265444,0.696002,-0.190605,0.692280),fov=40.000000,dt=0.019730},
	{cf=CFrame.new(-1.459595,0.146170,-2.943359,0.718040,0.184744,-0.671036,0.000009,0.964126,0.265444,0.696002,-0.190605,0.692280),fov=40.000000,dt=0.012610},
	{cf=CFrame.new(-1.460205,0.146154,-2.943726,0.718040,0.184744,-0.671036,0.000009,0.964126,0.265444,0.696002,-0.190605,0.692280),fov=40.000000,dt=0.017897},
	{cf=CFrame.new(-1.460571,0.146139,-2.944336,0.718040,0.184744,-0.671036,0.000009,0.964126,0.265444,0.696002,-0.190605,0.692280),fov=40.000000,dt=0.017068},
	{cf=CFrame.new(-1.460938,0.146126,-2.944824,0.718040,0.184744,-0.671036,0.000009,0.964126,0.265444,0.696002,-0.190605,0.692280),fov=40.000000,dt=0.013868},
	{cf=CFrame.new(-1.461548,0.146109,-2.945435,0.718040,0.184744,-0.671036,0.000009,0.964126,0.265444,0.696002,-0.190605,0.692280),fov=40.000000,dt=0.018364},
	{cf=CFrame.new(-1.462036,0.146095,-2.945801,0.718040,0.184744,-0.671036,0.000009,0.964126,0.265444,0.696002,-0.190605,0.692280),fov=40.000000,dt=0.016062},
	{cf=CFrame.new(-1.462524,0.146074,-2.946411,0.718040,0.184744,-0.671036,0.000009,0.964126,0.265444,0.696002,-0.190605,0.692280),fov=40.000000,dt=0.018444},
	{cf=CFrame.new(-1.463013,0.146059,-2.947021,0.718040,0.184744,-0.671036,0.000009,0.964126,0.265444,0.696002,-0.190605,0.692280),fov=40.000000,dt=0.014491},
	{cf=CFrame.new(-1.463501,0.146044,-2.947632,0.718040,0.184744,-0.671036,0.000009,0.964126,0.265444,0.696002,-0.190605,0.692280),fov=40.000000,dt=0.015532},
	{cf=CFrame.new(-1.464111,0.146023,-2.948364,0.718040,0.184744,-0.671036,0.000009,0.964126,0.265444,0.696002,-0.190605,0.692280),fov=40.000000,dt=0.018644},
	{cf=CFrame.new(-1.464478,0.146008,-2.948853,0.718040,0.184744,-0.671036,0.000009,0.964126,0.265444,0.696002,-0.190605,0.692280),fov=40.000000,dt=0.016344},
	{cf=CFrame.new(-1.465088,0.145988,-2.949585,0.718040,0.184744,-0.671036,0.000009,0.964126,0.265444,0.696002,-0.190605,0.692280),fov=40.000000,dt=0.015840},
	{cf=CFrame.new(-1.465698,0.145969,-2.950195,0.718040,0.184744,-0.671036,0.000009,0.964126,0.265444,0.696002,-0.190605,0.692280),fov=40.000000,dt=0.016244},
	{cf=CFrame.new(-1.466309,0.145947,-2.950928,0.718040,0.184744,-0.671036,0.000009,0.964126,0.265444,0.696002,-0.190605,0.692280),fov=40.000000,dt=0.018685},
	{cf=CFrame.new(-1.466919,0.145927,-2.951660,0.718040,0.184744,-0.671036,0.000009,0.964126,0.265444,0.696002,-0.190605,0.692280),fov=40.000000,dt=0.016415},
	{cf=CFrame.new(-1.467407,0.145912,-2.952271,0.718040,0.184744,-0.671036,0.000009,0.964126,0.265444,0.696002,-0.190605,0.692280),fov=40.000000,dt=0.015081},
	{cf=CFrame.new(-1.468018,0.145889,-2.952881,0.718040,0.184744,-0.671036,0.000009,0.964126,0.265444,0.696002,-0.190605,0.692280),fov=40.000000,dt=0.017014},
	{cf=CFrame.new(-1.468750,0.145868,-2.953613,0.718040,0.184744,-0.671036,0.000009,0.964126,0.265444,0.696002,-0.190605,0.692280),fov=40.000000,dt=0.016563},
	{cf=CFrame.new(-1.469482,0.145845,-2.954468,0.718040,0.184744,-0.671036,0.000009,0.964126,0.265444,0.696002,-0.190605,0.692280),fov=40.000000,dt=0.018886},
	{cf=CFrame.new(-1.470215,0.145824,-2.955200,0.718040,0.184744,-0.671036,0.000009,0.964126,0.265444,0.696002,-0.190605,0.692280),fov=40.000000,dt=0.015996},
	{cf=CFrame.new(-1.470703,0.145805,-2.955811,0.718040,0.184744,-0.671036,0.000009,0.964126,0.265444,0.696002,-0.190605,0.692280),fov=40.000000,dt=0.013773},
	{cf=CFrame.new(-1.471436,0.145782,-2.956543,0.718040,0.184744,-0.671036,0.000009,0.964126,0.265444,0.696002,-0.190605,0.692280),fov=40.000000,dt=0.016906},
	{cf=CFrame.new(-1.472046,0.145760,-2.957275,0.718040,0.184744,-0.671036,0.000009,0.964126,0.265444,0.696002,-0.190605,0.692280),fov=40.000000,dt=0.017383},
	{cf=CFrame.new(-1.472778,0.145733,-2.958374,0.718040,0.184744,-0.671036,0.000009,0.964126,0.265444,0.696002,-0.190605,0.692280),fov=40.000000,dt=0.018181},
	{cf=CFrame.new(-1.473511,0.145710,-2.959106,0.718040,0.184744,-0.671036,0.000009,0.964126,0.265444,0.696002,-0.190605,0.692280),fov=40.000000,dt=0.016981},
	{cf=CFrame.new(-1.474243,0.145687,-2.959839,0.718040,0.184744,-0.671036,0.000009,0.964126,0.265444,0.696002,-0.190605,0.692280),fov=40.000000,dt=0.016549},
	{cf=CFrame.new(-1.474854,0.145666,-2.960571,0.718040,0.184744,-0.671036,0.000009,0.964126,0.265444,0.696002,-0.190605,0.692280),fov=40.000000,dt=0.015686},
	{cf=CFrame.new(-1.475708,0.145641,-2.961304,0.718040,0.184744,-0.671036,0.000009,0.964126,0.265444,0.696002,-0.190605,0.692280),fov=40.000000,dt=0.015957},
	{cf=CFrame.new(-1.476440,0.145613,-2.962402,0.718040,0.184744,-0.671036,0.000009,0.964126,0.265444,0.696002,-0.190605,0.692280),fov=40.000000,dt=0.018550},
	{cf=CFrame.new(-1.477051,0.145592,-2.963135,0.718040,0.184744,-0.671036,0.000009,0.964126,0.265444,0.696002,-0.190605,0.692280),fov=40.000000,dt=0.015311},
	{cf=CFrame.new(-1.477905,0.145569,-2.963867,0.718040,0.184744,-0.671036,0.000009,0.964126,0.265444,0.696002,-0.190605,0.692280),fov=40.000000,dt=0.017125},
	{cf=CFrame.new(-1.478638,0.145538,-2.965088,0.718040,0.184744,-0.671036,0.000009,0.964126,0.265444,0.696002,-0.190605,0.692280),fov=40.000000,dt=0.017304},
	{cf=CFrame.new(-1.479492,0.145514,-2.965820,0.718040,0.184744,-0.671036,0.000009,0.964126,0.265444,0.696002,-0.190605,0.692280),fov=40.000000,dt=0.017742},
	{cf=CFrame.new(-1.480347,0.145487,-2.966675,0.718040,0.184744,-0.671036,0.000009,0.964126,0.265444,0.696002,-0.190605,0.692280),fov=40.000000,dt=0.015893},
	{cf=CFrame.new(-1.480957,0.145466,-2.967407,0.718040,0.184744,-0.671036,0.000009,0.964126,0.265444,0.696002,-0.190605,0.692280),fov=40.000000,dt=0.014809},
	{cf=CFrame.new(-1.481689,0.145439,-2.968384,0.718040,0.184744,-0.671036,0.000009,0.964126,0.265444,0.696002,-0.190605,0.692280),fov=40.000000,dt=0.016414},
	{cf=CFrame.new(-1.482544,0.145414,-2.969238,0.718040,0.184744,-0.671036,0.000009,0.964126,0.265444,0.696002,-0.190605,0.692280),fov=40.000000,dt=0.017886},
	{cf=CFrame.new(-1.483398,0.145386,-2.970093,0.718040,0.184744,-0.671036,0.000009,0.964126,0.265444,0.696002,-0.190605,0.692280),fov=40.000000,dt=0.016381},
	{cf=CFrame.new(-1.484009,0.145359,-2.971191,0.718040,0.184744,-0.671036,0.000009,0.964126,0.265444,0.696002,-0.190605,0.692280),fov=40.000000,dt=0.016380},
	{cf=CFrame.new(-1.485107,0.145329,-2.972046,0.718040,0.184744,-0.671036,0.000009,0.964126,0.265444,0.696002,-0.190605,0.692280),fov=40.000000,dt=0.018295},
	{cf=CFrame.new(-1.485840,0.145302,-2.973145,0.718040,0.184744,-0.671036,0.000009,0.964126,0.265444,0.696002,-0.190605,0.692280),fov=40.000000,dt=0.016496},
	{cf=CFrame.new(-1.486572,0.145279,-2.973877,0.718040,0.184744,-0.671036,0.000009,0.964126,0.265444,0.696002,-0.190605,0.692280),fov=40.000000,dt=0.014305},
	{cf=CFrame.new(-1.487427,0.145252,-2.974731,0.718040,0.184744,-0.671036,0.000009,0.964126,0.265444,0.696002,-0.190605,0.692280),fov=40.000000,dt=0.017758},
	{cf=CFrame.new(-1.488159,0.145222,-2.975830,0.718040,0.184744,-0.671036,0.000009,0.964126,0.265444,0.696002,-0.190605,0.692280),fov=40.000000,dt=0.016186},
	{cf=CFrame.new(-1.489136,0.145193,-2.976807,0.718040,0.184744,-0.671036,0.000009,0.964126,0.265444,0.696002,-0.190605,0.692280),fov=40.000000,dt=0.019551},
	{cf=CFrame.new(-1.489990,0.145164,-2.977905,0.718040,0.184744,-0.671036,0.000009,0.964126,0.265444,0.696002,-0.190605,0.692280),fov=40.000000,dt=0.015121},
	{cf=CFrame.new(-1.490723,0.145140,-2.978638,0.718040,0.184744,-0.671036,0.000009,0.964126,0.265444,0.696002,-0.190605,0.692280),fov=40.000000,dt=0.016082},
	{cf=CFrame.new(-1.491821,0.145105,-2.979858,0.718040,0.184744,-0.671036,0.000009,0.964126,0.265444,0.696002,-0.190605,0.692280),fov=40.000000,dt=0.020267},
	{cf=CFrame.new(-1.492310,0.145086,-2.980591,0.718040,0.184744,-0.671036,0.000009,0.964126,0.265444,0.696002,-0.190605,0.692280),fov=40.000000,dt=0.012982},
	{cf=CFrame.new(-1.493286,0.145058,-2.981445,0.718040,0.184744,-0.671036,0.000009,0.964126,0.265444,0.696002,-0.190605,0.692280),fov=40.000000,dt=0.016071},
	{cf=CFrame.new(-1.494141,0.145029,-2.982300,0.718040,0.184744,-0.671036,0.000009,0.964126,0.265444,0.696002,-0.190605,0.692280),fov=40.000000,dt=0.017352},
	{cf=CFrame.new(-1.495117,0.144997,-2.983521,0.718040,0.184744,-0.671036,0.000009,0.964126,0.265444,0.696002,-0.190605,0.692280),fov=40.000000,dt=0.017726},
	{cf=CFrame.new(-1.495850,0.144974,-2.984253,0.718040,0.184744,-0.671036,0.000009,0.964126,0.265444,0.696002,-0.190605,0.692280),fov=40.000000,dt=0.015672},
	{cf=CFrame.new(-1.496582,0.144945,-2.985352,0.718040,0.184744,-0.671036,0.000009,0.964126,0.265444,0.696002,-0.190605,0.692280),fov=40.833328,dt=0.015791},
	{cf=CFrame.new(-1.497681,0.144913,-2.986328,0.718040,0.184744,-0.671036,0.000009,0.964126,0.265444,0.696002,-0.190605,0.692280),fov=41.805553,dt=0.019500},
	{cf=CFrame.new(-1.498291,0.144888,-2.987305,0.718040,0.184744,-0.671036,0.000009,0.964126,0.265444,0.696002,-0.190605,0.692280),fov=42.638889,dt=0.015778},
	{cf=CFrame.new(-1.498291,0.144888,-2.987305,0.718040,0.184744,-0.671036,0.000009,0.964126,0.265444,0.696002,-0.190605,0.692280),fov=43.333332,dt=0.014331},
	{cf=CFrame.new(-1.498291,0.144888,-2.987305,0.718040,0.184744,-0.671036,0.000009,0.964126,0.265444,0.696002,-0.190605,0.692280),fov=44.305557,dt=0.019781},
	{cf=CFrame.new(-1.498291,0.144890,-2.987305,0.718040,0.184744,-0.671036,0.000009,0.964126,0.265444,0.696002,-0.190605,0.692280),fov=44.166664,dt=0.018473},
	{cf=CFrame.new(-1.498291,0.144890,-2.987305,0.718040,0.184744,-0.671036,0.000009,0.964126,0.265444,0.696002,-0.190605,0.692280),fov=42.499996,dt=0.011873},
	{cf=CFrame.new(-1.662231,0.042801,-3.006226,0.730681,0.147735,-0.666543,0.035866,0.966652,0.253569,0.681776,-0.209184,0.701016),fov=40.000000,dt=0.017887},
	{cf=CFrame.new(-1.387451,0.124577,-3.061279,0.701624,0.201650,-0.683418,-0.000093,0.959146,0.282911,0.712547,-0.198434,0.672979),fov=37.500000,dt=0.016643},
	{cf=CFrame.new(-1.518677,0.211178,-2.904785,0.724743,0.185522,-0.663574,-0.016518,0.967470,0.252446,0.688822,-0.171997,0.704231),fov=34.166668,dt=0.021102},
	{cf=CFrame.new(-1.464233,0.233192,-2.908325,0.712285,0.189221,-0.675903,-0.022169,0.968560,0.247788,0.701540,-0.161512,0.694086),fov=32.083328,dt=0.014254},
	{cf=CFrame.new(-1.498291,0.144888,-2.987305,0.718040,0.184744,-0.671036,0.000009,0.964126,0.265444,0.696002,-0.190605,0.692280),fov=30.000000,dt=0.014123},
	{cf=CFrame.new(-1.508179,0.137070,-2.990601,0.719410,0.183109,-0.670016,0.002283,0.963997,0.265903,0.694582,-0.192823,0.693091),fov=30.444443,dt=0.020409},
	{cf=CFrame.new(-1.514160,0.128513,-2.996460,0.719924,0.181874,-0.669800,0.004692,0.963758,0.266737,0.694037,-0.195173,0.692979),fov=30.722221,dt=0.015066},
	{cf=CFrame.new(-1.503174,0.163912,-2.964600,0.722757,0.188148,-0.664998,-0.006235,0.963964,0.265958,0.691074,-0.188077,0.697886),fov=31.000002,dt=0.014528},
	{cf=CFrame.new(-1.519043,0.136089,-2.985962,0.721423,0.181935,-0.668169,0.002747,0.964112,0.265483,0.692490,-0.193360,0.695032),fov=31.333334,dt=0.016635},
	{cf=CFrame.new(-1.458252,0.149546,-3.002197,0.713463,0.192305,-0.673787,-0.003528,0.962575,0.270991,0.700684,-0.190965,0.687440),fov=31.722221,dt=0.020047},
	{cf=CFrame.new(-1.497803,0.145618,-2.986694,0.718023,0.184870,-0.671019,-0.000182,0.964130,0.265429,0.696020,-0.190462,0.692301),fov=32.055553,dt=0.015448},
	{cf=CFrame.new(-1.496826,0.147808,-2.984863,0.718145,0.185381,-0.670747,-0.000950,0.964125,0.265448,0.695892,-0.189993,0.692558),fov=32.388889,dt=0.015865},
	{cf=CFrame.new(-1.503296,0.141479,-2.988281,0.718722,0.183903,-0.670537,0.001041,0.964101,0.265533,0.695298,-0.191543,0.692729),fov=32.722221,dt=0.017805},
	{cf=CFrame.new(-1.497681,0.146109,-2.986328,0.718484,0.185430,-0.670370,-0.000593,0.963971,0.266007,0.695543,-0.190725,0.692707),fov=33.055557,dt=0.015539},
	{cf=CFrame.new(-1.495483,0.144890,-2.988647,0.717389,0.184881,-0.671694,0.000022,0.964139,0.265398,0.696673,-0.190408,0.691659),fov=33.333332,dt=0.015614},
	{cf=CFrame.new(-1.500977,0.140507,-2.990479,0.717904,0.183862,-0.671423,0.001362,0.964118,0.265469,0.696141,-0.191496,0.691894),fov=33.722221,dt=0.017469},
	{cf=CFrame.new(-1.498047,0.141239,-2.991211,0.717364,0.184108,-0.671933,0.001159,0.964136,0.265408,0.696698,-0.191172,0.691422),fov=34.055557,dt=0.017160},
	{cf=CFrame.new(-1.496460,0.145132,-2.987915,0.717462,0.184729,-0.671658,0.000023,0.964191,0.265210,0.696598,-0.190294,0.691765),fov=34.388889,dt=0.018180},
	{cf=CFrame.new(-1.500854,0.146099,-2.984619,0.718019,0.183979,-0.671268,0.000024,0.964426,0.264352,0.696024,-0.189826,0.692472),fov=34.722221,dt=0.014664},
	{cf=CFrame.new(-1.514526,0.133175,-2.991089,0.717681,0.179336,-0.672885,0.004751,0.964987,0.262254,0.696357,-0.191412,0.691700),fov=35.119049,dt=0.018062},
	{cf=CFrame.new(-1.595581,0.074604,-3.009888,0.715466,0.152320,-0.681840,0.028503,0.968767,0.246327,0.698065,-0.195674,0.688779),fov=35.714287,dt=0.014173},
	{cf=CFrame.new(-1.499756,0.203651,-2.923340,0.731286,0.198124,-0.652662,-0.020327,0.962788,0.269492,0.681768,-0.183810,0.708101),fov=36.428570,dt=0.017132},
	{cf=CFrame.new(-1.448853,0.096817,-3.060303,0.699440,0.180410,-0.691546,0.014738,0.963768,0.266333,0.714539,-0.196476,0.671440),fov=37.261906,dt=0.018050},
	{cf=CFrame.new(-1.514038,0.167980,-2.954834,0.717398,0.179242,-0.673211,-0.003238,0.967183,0.254061,0.696656,-0.180082,0.694435),fov=37.857143,dt=0.014985},
	{cf=CFrame.new(-1.588867,0.144665,-2.938110,0.723700,0.162802,-0.670637,0.007424,0.969883,0.243457,0.690075,-0.181169,0.700696),fov=38.690472,dt=0.017567},
	{cf=CFrame.new(-1.462158,0.045408,-3.105103,0.703549,0.180639,-0.687306,0.026012,0.959960,0.278926,0.710171,-0.214116,0.670681),fov=39.404762,dt=0.017232},
	{cf=CFrame.new(-1.499878,0.144762,-2.986572,0.718194,0.184425,-0.670958,0.000156,0.964195,0.265194,0.695843,-0.190565,0.692451),fov=40.033333,dt=0.018323},
	{cf=CFrame.new(-1.507324,0.144133,-2.983521,0.719077,0.183007,-0.670401,0.000740,0.964500,0.264084,0.694931,-0.190393,0.693413),fov=40.199997,dt=0.013006},
	{cf=CFrame.new(-1.516235,0.143375,-2.979736,0.720101,0.181380,-0.669743,0.001427,0.964840,0.262833,0.693868,-0.190223,0.694524),fov=40.400002,dt=0.016704},
	{cf=CFrame.new(-1.474365,0.157690,-2.985474,0.714929,0.188758,-0.673236,-0.004224,0.964019,0.265800,0.699184,-0.187184,0.690003),fov=40.633335,dt=0.018591},
	{cf=CFrame.new(-1.444458,0.167915,-2.989380,0.711190,0.194127,-0.675665,-0.008290,0.963366,0.268061,0.702951,-0.185042,0.686746),fov=40.799999,dt=0.014599},
	{cf=CFrame.new(-1.484009,0.158680,-2.979614,0.719393,0.190488,-0.667974,-0.005568,0.963212,0.268685,0.694581,-0.189571,0.693988),fov=41.000000,dt=0.016798},
	{cf=CFrame.new(-1.516968,0.150749,-2.971558,0.725848,0.187212,-0.661889,-0.003156,0.963146,0.268960,0.687848,-0.193135,0.699688),fov=41.233334,dt=0.019975},
	{cf=CFrame.new(-1.469482,0.159880,-2.985474,0.714368,0.189798,-0.673539,-0.005051,0.963888,0.266259,0.699752,-0.186805,0.689530),fov=41.466667,dt=0.019557},
	{cf=CFrame.new(-1.447632,0.160719,-2.995605,0.711175,0.193164,-0.675957,-0.006224,0.963204,0.268701,0.702987,-0.186886,0.686209),fov=41.733330,dt=0.021626},
	{cf=CFrame.new(-1.461670,0.151373,-2.998535,0.718022,0.195909,-0.667881,-0.005835,0.961231,0.275684,0.695996,-0.194050,0.691328),fov=42.024826,dt=0.024636},
	{cf=CFrame.new(-1.488403,0.146658,-2.990234,0.718033,0.187835,-0.670184,-0.001627,0.963346,0.268257,0.696007,-0.191527,0.692020),fov=42.223438,dt=0.022927},
	{cf=CFrame.new(-1.510254,0.148489,-2.977295,0.719739,0.182832,-0.669738,-0.000281,0.964776,0.263073,0.694245,-0.189155,0.694438),fov=42.446877,dt=0.023731},
	{cf=CFrame.new(-1.511719,0.152103,-2.972778,0.720080,0.182797,-0.669381,-0.001141,0.964987,0.262294,0.693891,-0.188109,0.695076),fov=42.670311,dt=0.026084},
	{cf=CFrame.new(-1.480347,0.152155,-2.988525,0.716014,0.188136,-0.672256,-0.002827,0.963773,0.266709,0.698080,-0.189067,0.690607),fov=42.893745,dt=0.025631},
	{cf=CFrame.new(-1.477539,0.150805,-2.991333,0.715969,0.188974,-0.672069,-0.002762,0.963427,0.267955,0.698127,-0.189992,0.690306),fov=43.166840,dt=0.028121},
	{cf=CFrame.new(-1.487915,0.153614,-2.983154,0.715093,0.184896,-0.674133,-0.001784,0.964864,0.262744,0.699027,-0.186683,0.690297),fov=43.390274,dt=0.025694},
	{cf=CFrame.new(-1.501465,0.155090,-2.974854,0.718052,0.183758,-0.671293,-0.001982,0.965052,0.262051,0.695987,-0.186836,0.693322),fov=43.485416,dt=0.029667},
	{cf=CFrame.new(-1.509033,0.150223,-2.976196,0.719457,0.182916,-0.670018,-0.000664,0.964877,0.262700,0.694537,-0.188556,0.694309),fov=43.477779,dt=0.028362},
	{cf=CFrame.new(-1.501465,0.144390,-2.986206,0.717583,0.183276,-0.671927,0.000769,0.964546,0.263912,0.696473,-0.189896,0.692001),fov=43.470139,dt=0.031358},
	{cf=CFrame.new(-1.508423,0.147264,-2.979614,0.718405,0.182032,-0.671386,0.000409,0.965044,0.262088,0.695625,-0.188560,0.693218),fov=43.461803,dt=0.032755},
	{cf=CFrame.new(-1.511841,0.147892,-2.977173,0.718593,0.181145,-0.671425,0.000611,0.965315,0.261088,0.695431,-0.188026,0.693557),fov=43.453472,dt=0.033379},
	{cf=CFrame.new(-1.496460,0.143749,-2.989380,0.718070,0.185366,-0.670832,0.000007,0.963877,0.266348,0.695972,-0.191261,0.692129),fov=43.359375,dt=0.036709},
	{cf=CFrame.new(-1.487305,0.155073,-2.981934,0.717145,0.187196,-0.671314,-0.003215,0.964130,0.265413,0.696918,-0.188181,0.692022),fov=43.129166,dt=0.037037},
	{cf=CFrame.new(-1.490479,0.158457,-2.976807,0.716701,0.185750,-0.672188,-0.003401,0.964795,0.262981,0.697373,-0.186193,0.692101),fov=42.916668,dt=0.032550},
	{cf=CFrame.new(-1.503174,0.153097,-2.976196,0.716625,0.181748,-0.673361,-0.000605,0.965612,0.259987,0.697458,-0.185906,0.692092),fov=42.573566,dt=0.035330},
	{cf=CFrame.new(-1.481201,0.146778,-2.993652,0.715624,0.187481,-0.672855,-0.001227,0.963640,0.267200,0.698486,-0.190389,0.689834),fov=42.230469,dt=0.036363},
	{cf=CFrame.new(-1.485596,0.135056,-3.003906,0.714905,0.185353,-0.674207,0.002409,0.963566,0.267458,0.699217,-0.192832,0.688412),fov=41.834579,dt=0.041257},
	{cf=CFrame.new(-1.496826,0.127846,-3.005859,0.715516,0.182622,-0.674304,0.005032,0.963855,0.266381,0.698578,-0.193993,0.688735),fov=41.491474,dt=0.037486},
	{cf=CFrame.new(-1.503174,0.130098,-3.000366,0.717473,0.182734,-0.672191,0.004248,0.963813,0.266546,0.696574,-0.194095,0.690733),fov=41.415714,dt=0.042896},
	{cf=CFrame.new(-1.497314,0.144161,-2.988403,0.717607,0.184648,-0.671524,0.000254,0.964144,0.265381,0.696448,-0.190610,0.691830),fov=41.335232,dt=0.046985},
	{cf=CFrame.new(-1.492065,0.140520,-2.994873,0.715512,0.184052,-0.673919,0.001514,0.964260,0.264954,0.698599,-0.190598,0.689661),fov=41.264206,dt=0.043087},
	{cf=CFrame.new(-1.480835,0.146923,-2.993774,0.714661,0.186549,-0.674136,-0.000854,0.964012,0.265859,0.699470,-0.189423,0.689101),fov=41.278408,dt=0.044913},
	{cf=CFrame.new(-1.471802,0.154776,-2.989990,0.715317,0.190040,-0.672463,-0.004043,0.963420,0.267964,0.698788,-0.188961,0.689919),fov=41.598011,dt=0.049055},
	{cf=CFrame.new(-1.487183,0.140610,-2.997314,0.718381,0.188497,-0.669625,-0.000473,0.962721,0.270496,0.695650,-0.194002,0.691690),fov=41.917610,dt=0.049670},
	{cf=CFrame.new(-1.495972,0.130768,-3.003296,0.716302,0.183696,-0.673177,0.003849,0.963672,0.267060,0.697780,-0.193887,0.689573),fov=42.254971,dt=0.053557},
	{cf=CFrame.new(-1.490356,0.147888,-2.988037,0.716400,0.185543,-0.672566,-0.000856,0.964223,0.265091,0.697689,-0.189336,0.690928),fov=42.752525,dt=0.054708},
	{cf=CFrame.new(-1.491333,0.160877,-2.973755,0.717107,0.185894,-0.671715,-0.004079,0.964877,0.262671,0.696952,-0.185623,0.692678),fov=43.257576,dt=0.057503},
	{cf=CFrame.new(-1.503784,0.150684,-2.978394,0.717557,0.182534,-0.672156,-0.000482,0.965178,0.261593,0.696500,-0.187383,0.692658),fov=43.787880,dt=0.057560},
	{cf=CFrame.new(-1.499878,0.142895,-2.988647,0.719583,0.185828,-0.669081,-0.000074,0.963549,0.267532,0.694407,-0.192462,0.693367),fov=44.318180,dt=0.058134},
	{cf=CFrame.new(-1.493042,0.148958,-2.985596,0.716148,0.184481,-0.673127,-0.000654,0.964612,0.263671,0.697948,-0.188387,0.690926),fov=44.823227,dt=0.055615},
	{cf=CFrame.new(-1.473267,0.207603,-2.932495,0.722064,0.196644,-0.663291,-0.019710,0.964212,0.264400,0.691546,-0.177840,0.700098),fov=38.749996,dt=0.059601},
	{cf=CFrame.new(-1.498291,0.144888,-2.987305,0.718040,0.184744,-0.671036,0.000009,0.964126,0.265444,0.696002,-0.190605,0.692280),fov=30.000000,dt=0.059349},
	{cf=CFrame.new(-2.369873,-0.882170,-49.294189,-0.991358,0.000010,-0.131184,-0.000183,0.999999,0.001459,0.131184,0.001470,-0.991357),fov=32.763157,dt=0.074829},
	{cf=CFrame.new(-2.518799,-1.013489,-49.557129,-0.990942,0.002250,-0.134272,0.002401,0.999997,-0.000963,0.134270,-0.001276,-0.990944),fov=35.263153,dt=0.051766},
	{cf=CFrame.new(-2.347656,-0.957607,-49.616089,-0.991414,-0.000953,-0.130755,-0.000942,1.000000,-0.000148,0.130755,-0.000024,-0.991415),fov=37.500000,dt=0.049017},
	{cf=CFrame.new(-2.344360,-0.994184,-49.637207,-0.991414,0.000638,-0.130756,0.000740,0.999999,-0.000730,0.130755,-0.000820,-0.991414),fov=38.480610,dt=0.022513},
	{cf=CFrame.new(-2.444702,-0.957701,-49.647827,-0.991164,-0.000953,-0.132642,-0.000942,1.000000,-0.000149,0.132642,-0.000023,-0.991164),fov=39.300831,dt=0.019621},
	{cf=CFrame.new(-2.394165,-0.979567,-49.667236,-0.991290,-0.000034,-0.131699,0.000034,1.000000,-0.000517,0.131699,-0.000517,-0.991290),fov=40.355392,dt=0.023472},
	{cf=CFrame.new(-2.432617,-1.001446,-49.670288,-0.991175,0.000971,-0.132557,0.001097,0.999999,-0.000879,0.132556,-0.001016,-0.991175),fov=41.292786,dt=0.022880},
	{cf=CFrame.new(-2.380005,-0.973808,-49.676025,-0.991335,-0.000976,-0.131355,-0.000919,0.999999,-0.000493,0.131356,-0.000368,-0.991335),fov=42.260921,dt=0.024458},
	{cf=CFrame.new(-2.347534,-1.006123,-49.683838,-0.991414,-0.001015,-0.130755,-0.000880,0.999999,-0.001096,0.130756,-0.000971,-0.991414),fov=43.000515,dt=0.028175},
	{cf=CFrame.new(-2.370850,-0.980743,-49.686157,-0.991347,-0.000465,-0.131270,-0.000397,1.000000,-0.000545,0.131270,-0.000488,-0.991347),fov=43.666149,dt=0.024927},
	{cf=CFrame.new(-2.394165,-0.906794,-49.686401,-0.991290,-0.000023,-0.131699,-0.000149,1.000000,0.000942,0.131699,0.000953,-0.991289),fov=44.331787,dt=0.023805},
	{cf=CFrame.new(-2.442871,-1.002380,-49.694092,-0.991164,0.000023,-0.132642,0.000149,1.000000,-0.000942,0.132642,-0.000953,-0.991164),fov=44.867779,dt=0.026549},
	{cf=CFrame.new(-2.377563,-0.965084,-49.703247,-0.991335,0.000672,-0.131356,0.000706,1.000000,-0.000213,0.131356,-0.000304,-0.991335),fov=45.082989,dt=0.020220},
	{cf=CFrame.new(-2.446289,-0.948914,-49.707886,-0.991164,-0.000953,-0.132642,-0.000942,1.000000,-0.000149,0.132642,-0.000023,-0.991164),fov=45.328945,dt=0.020406},
	{cf=CFrame.new(-2.347656,-0.895044,-49.716797,-0.991415,-0.000024,-0.130755,-0.000148,1.000000,0.000942,0.130755,0.000953,-0.991414),fov=45.513416,dt=0.018723},
	{cf=CFrame.new(-2.395874,-0.940275,-49.723755,-0.991290,0.000000,-0.131699,-0.000000,1.000000,0.000000,0.131699,-0.000000,-0.991290),fov=45.790123,dt=0.022543},
	{cf=CFrame.new(-2.393677,-0.939365,-49.726196,-0.991290,-0.000000,-0.131699,0.000000,1.000000,0.000000,0.131699,-0.000000,-0.991290),fov=45.886787,dt=0.019472},
	{cf=CFrame.new(-2.390625,-0.938063,-49.729736,-0.991290,0.000000,-0.131699,-0.000000,1.000000,0.000000,0.131699,0.000000,-0.991290),fov=45.897873,dt=0.030243},
	{cf=CFrame.new(-2.388916,-0.939625,-49.731812,-0.991290,0.000000,-0.131699,0.000000,1.000000,0.000000,0.131699,-0.000000,-0.991290),fov=45.911179,dt=0.031515},
	{cf=CFrame.new(-2.397095,-0.956812,-49.723755,-0.991290,0.000000,-0.131699,-0.000000,1.000000,-0.000000,0.131699,0.000000,-0.991290),fov=45.924484,dt=0.034660},
	{cf=CFrame.new(-2.405884,-0.975433,-49.715210,-0.991290,0.000000,-0.131699,0.000000,1.000000,0.000000,0.131699,-0.000000,-0.991290),fov=45.938896,dt=0.034519},
	{cf=CFrame.new(-2.410034,-0.971916,-49.721436,-0.991290,-0.000000,-0.131699,0.000000,1.000000,0.000000,0.131699,-0.000000,-0.991290),fov=45.951092,dt=0.030926},
	{cf=CFrame.new(-2.413818,-0.959221,-49.734619,-0.991290,-0.000000,-0.131699,0.000000,1.000000,0.000000,0.131699,0.000000,-0.991290),fov=45.965504,dt=0.036020},
	{cf=CFrame.new(-2.413086,-0.950270,-49.740723,-0.991290,0.000000,-0.131699,-0.000000,1.000000,0.000000,0.131699,-0.000000,-0.991290),fov=45.981026,dt=0.039188},
	{cf=CFrame.new(-2.407349,-0.949976,-49.735107,-0.991290,0.000000,-0.131699,-0.000000,1.000000,-0.000000,0.131699,0.000000,-0.991290),fov=45.991001,dt=0.024128},
	{cf=CFrame.new(-2.404053,-0.949814,-49.732056,-0.991290,0.000000,-0.131699,-0.000000,1.000000,-0.000000,0.131699,0.000000,-0.991290),fov=45.996548,dt=0.015153},
	{cf=CFrame.new(-2.399536,-0.949585,-49.727661,-0.991290,0.000000,-0.131699,-0.000000,1.000000,-0.000000,0.131699,-0.000000,-0.991290),fov=46.004307,dt=0.019877},
	{cf=CFrame.new(-2.395386,-0.952190,-49.724121,-0.991290,0.000000,-0.131699,-0.000000,1.000000,-0.000000,0.131699,0.000000,-0.991290),fov=46.012066,dt=0.020079},
	{cf=CFrame.new(-2.391235,-0.959480,-49.721191,-0.991290,0.000000,-0.131699,0.000000,1.000000,0.000000,0.131699,0.000000,-0.991290),fov=46.020935,dt=0.021041},
	{cf=CFrame.new(-2.387695,-0.965862,-49.718506,-0.991290,0.000000,-0.131699,-0.000000,1.000000,0.000000,0.131699,-0.000000,-0.991290),fov=46.028698,dt=0.020634},
	{cf=CFrame.new(-2.383545,-0.973154,-49.715576,-0.991290,-0.000000,-0.131699,0.000000,1.000000,0.000000,0.131699,-0.000000,-0.991290),fov=46.037567,dt=0.019621},
	{cf=CFrame.new(-2.380371,-0.971460,-49.716675,-0.991290,0.000000,-0.131699,0.000000,1.000000,0.000000,0.131699,-0.000000,-0.991290),fov=46.046436,dt=0.023033},
	{cf=CFrame.new(-2.378662,-0.962120,-49.721191,-0.991290,0.000000,-0.131699,0.000000,1.000000,0.000000,0.131699,-0.000000,-0.991290),fov=46.054199,dt=0.020320},
	{cf=CFrame.new(-2.376587,-0.951443,-49.726440,-0.991290,0.000000,-0.131699,-0.000000,1.000000,0.000000,0.131699,-0.000000,-0.991290),fov=46.063065,dt=0.021184},
	{cf=CFrame.new(-2.374878,-0.942101,-49.730835,-0.991290,0.000000,-0.131699,-0.000000,1.000000,0.000000,0.131699,-0.000000,-0.991290),fov=46.070827,dt=0.020287},
	{cf=CFrame.new(-2.375732,-0.936663,-49.728760,-0.991290,0.000000,-0.131699,-0.000000,1.000000,0.000000,0.131699,0.000000,-0.991290),fov=46.078590,dt=0.020224},
	{cf=CFrame.new(-2.379883,-0.936436,-49.718140,-0.991290,0.000000,-0.131699,-0.000000,1.000000,-0.000000,0.131699,0.000000,-0.991290),fov=46.086349,dt=0.019796},
	{cf=CFrame.new(-2.385376,-0.936142,-49.704224,-0.991290,0.000000,-0.131699,-0.000000,1.000000,-0.000000,0.131699,-0.000000,-0.991290),fov=46.096329,dt=0.023314},
	{cf=CFrame.new(-2.389526,-0.935913,-49.693604,-0.991290,0.000000,-0.131699,-0.000000,1.000000,-0.000000,0.131699,-0.000000,-0.991290),fov=46.104088,dt=0.018748},
	{cf=CFrame.new(-2.390747,-0.936174,-49.687866,-0.991290,0.000000,-0.131699,0.000000,1.000000,0.000000,0.131699,-0.000000,-0.991290),fov=46.110744,dt=0.018830},
	{cf=CFrame.new(-2.385254,-0.937737,-49.690186,-0.991290,-0.000000,-0.131699,0.000000,1.000000,0.000000,0.131699,-0.000000,-0.991290),fov=46.119614,dt=0.022465},
	{cf=CFrame.new(-2.379395,-0.939495,-49.692505,-0.991290,-0.000000,-0.131699,0.000000,1.000000,0.000000,0.131699,-0.000000,-0.991290),fov=46.129589,dt=0.022902},
	{cf=CFrame.new(-2.374023,-0.941055,-49.694824,-0.991290,0.000000,-0.131699,0.000000,1.000000,0.000000,0.131699,-0.000000,-0.991290),fov=46.138458,dt=0.021785},
	{cf=CFrame.new(-2.375732,-0.943924,-49.694824,-0.991290,-0.000000,-0.131699,0.000000,1.000000,0.000000,0.131699,-0.000000,-0.991290),fov=46.145111,dt=0.017566},
	{cf=CFrame.new(-2.384277,-0.949238,-49.693359,-0.991290,-0.000000,-0.131699,0.000000,1.000000,0.000000,0.131699,-0.000000,-0.991290),fov=46.152866,dt=0.019711},
	{cf=CFrame.new(-2.394165,-0.955317,-49.691284,-0.991290,0.000000,-0.131699,-0.000000,1.000000,0.000000,0.131699,0.000000,-0.991290),fov=46.161743,dt=0.021790},
	{cf=CFrame.new(-2.468140,-0.145128,-38.553711,0.000000,0.000000,-1.000000,0.000000,1.000000,-0.000000,1.000000,-0.000000,0.000000),fov=46.170612,dt=0.021985},
	{cf=CFrame.new(-2.465820,-0.147635,-38.563843,0.000000,0.000000,-1.000000,0.000000,1.000000,-0.000000,1.000000,0.000000,0.000000),fov=46.178371,dt=0.019831},
	{cf=CFrame.new(-2.463867,-0.149784,-38.572510,0.000000,-0.000000,-1.000000,-0.000000,1.000000,0.000000,1.000000,-0.000000,0.000000),fov=46.185028,dt=0.017794},
	{cf=CFrame.new(-2.462280,-0.151575,-38.579956,0.000000,0.000000,-1.000000,0.000000,1.000000,-0.000000,1.000000,0.000000,0.000000),fov=46.190567,dt=0.013170},
	{cf=CFrame.new(-2.460693,-0.153362,-38.587036,0.000000,0.000000,-1.000000,-0.000000,1.000000,-0.000000,1.000000,0.000000,0.000000),fov=46.196110,dt=0.013856},
	{cf=CFrame.new(-2.458618,-0.155512,-38.595947,0.000000,-0.000000,-1.000000,-0.000000,1.000000,0.000000,1.000000,-0.000000,0.000000),fov=46.202763,dt=0.017922},
	{cf=CFrame.new(-2.457153,-0.157301,-38.603027,0.000000,0.000000,-1.000000,-0.000000,1.000000,-0.000000,1.000000,-0.000000,0.000000),fov=46.208305,dt=0.012641},
	{cf=CFrame.new(-2.455078,-0.159451,-38.611938,0.000000,-0.000000,-1.000000,-0.000000,1.000000,0.000000,1.000000,-0.000000,0.000000),fov=46.214962,dt=0.017577},
	{cf=CFrame.new(-2.452759,-0.161955,-38.622070,0.000000,-0.000000,-1.000000,-0.000000,1.000000,0.000000,1.000000,-0.000000,0.000000),fov=46.222717,dt=0.019092},
	{cf=CFrame.new(-2.451294,-0.163748,-38.629272,0.000000,-0.000000,-1.000000,-0.000000,1.000000,0.000000,1.000000,-0.000000,0.000000),fov=46.228260,dt=0.014029},
	{cf=CFrame.new(-2.449585,-0.165146,-38.638550,0.000000,-0.000000,-1.000000,-0.000000,1.000000,-0.000000,1.000000,0.000000,0.000000),fov=46.236027,dt=0.018214},
	{cf=CFrame.new(-2.451050,-0.160654,-38.642456,0.000000,-0.000000,-1.000000,-0.000000,1.000000,0.000000,1.000000,-0.000000,0.000000),fov=46.242676,dt=0.018381},
	{cf=CFrame.new(-2.453125,-0.154667,-38.647583,0.000000,0.000000,-1.000000,-0.000000,1.000000,-0.000000,1.000000,0.000000,0.000000),fov=46.251545,dt=0.020370},
	{cf=CFrame.new(-2.455078,-0.149424,-38.651978,0.000000,0.000000,-1.000000,-0.000000,1.000000,0.000000,1.000000,-0.000000,0.000000),fov=46.259304,dt=0.019142},
	{cf=CFrame.new(-2.456787,-0.144182,-38.656616,0.000000,0.000000,-1.000000,-0.000000,1.000000,-0.000000,1.000000,0.000000,0.000000),fov=46.267067,dt=0.019031},
	{cf=CFrame.new(-2.458374,-0.139690,-38.660400,0.000000,0.000000,-1.000000,0.000000,1.000000,-0.000000,1.000000,0.000000,0.000000),fov=46.273720,dt=0.018826},
	{cf=CFrame.new(-2.460571,-0.133701,-38.665527,0.000000,0.000000,-1.000000,0.000000,1.000000,-0.000000,1.000000,0.000000,0.000000),fov=46.282589,dt=0.020664},
	{cf=CFrame.new(-2.462280,-0.128460,-38.670044,0.000000,-0.000000,-1.000000,-0.000000,1.000000,0.000000,1.000000,-0.000000,0.000000),fov=46.290344,dt=0.018818},
	{cf=CFrame.new(-2.463623,-0.124716,-38.673218,0.000000,-0.000000,-1.000000,-0.000000,1.000000,0.000000,1.000000,-0.000000,0.000000),fov=46.295895,dt=0.015959},
	{cf=CFrame.new(-2.464966,-0.120924,-38.679443,0.000000,-0.000000,-1.000000,-0.000000,1.000000,0.000000,1.000000,-0.000000,0.000000),fov=46.304760,dt=0.021111},
	{cf=CFrame.new(-2.465332,-0.120811,-38.686035,0.000000,0.000000,-1.000000,-0.000000,1.000000,0.000000,1.000000,-0.000000,0.000000),fov=46.312523,dt=0.019490},
	{cf=CFrame.new(-2.465576,-0.120712,-38.691772,0.000000,-0.000000,-1.000000,-0.000000,1.000000,0.000000,1.000000,-0.000000,0.000000),fov=46.319176,dt=0.017752},
	{cf=CFrame.new(-2.465942,-0.120615,-38.697510,0.000000,-0.000000,-1.000000,-0.000000,1.000000,0.000000,1.000000,-0.000000,0.000000),fov=46.325825,dt=0.014799},
	{cf=CFrame.new(-2.466187,-0.120501,-38.704102,0.000000,0.000000,-1.000000,-0.000000,1.000000,0.000000,1.000000,-0.000000,0.000000),fov=46.333588,dt=0.021100},
	{cf=CFrame.new(-2.466675,-0.120371,-38.711670,0.000000,-0.000000,-1.000000,-0.000000,1.000000,0.000000,1.000000,-0.000000,0.000000),fov=46.342457,dt=0.022937},
	{cf=CFrame.new(-2.467041,-0.120256,-38.718262,0.000000,0.000000,-1.000000,0.000000,1.000000,-0.000000,1.000000,-0.000000,0.000000),fov=46.350212,dt=0.017558},
	{cf=CFrame.new(-2.467285,-0.120161,-38.723999,0.000000,0.000000,-1.000000,-0.000000,1.000000,-0.000000,1.000000,-0.000000,0.000000),fov=46.356869,dt=0.018274},
	{cf=CFrame.new(-2.467773,-0.120029,-38.731567,0.000000,0.000000,-1.000000,0.000000,1.000000,-0.000000,1.000000,0.000000,0.000000),fov=46.365738,dt=0.021995},
	{cf=CFrame.new(-2.467529,-0.120436,-38.737793,0.000000,0.000000,-1.000000,-0.000000,1.000000,-0.000000,1.000000,0.000000,0.000000),fov=46.371277,dt=0.014459},
	{cf=CFrame.new(-2.466797,-0.121462,-38.748169,0.000000,-0.000000,-1.000000,-0.000000,1.000000,0.000000,1.000000,-0.000000,0.000000),fov=46.379044,dt=0.018501},
	{cf=CFrame.new(-2.466187,-0.122341,-38.757080,0.000000,-0.000000,-1.000000,-0.000000,1.000000,0.000000,1.000000,-0.000000,0.000000),fov=46.385693,dt=0.015619},
	{cf=CFrame.new(-2.465576,-0.123367,-38.767334,0.000000,0.000000,-1.000000,-0.000000,1.000000,-0.000000,1.000000,-0.000000,0.000000),fov=46.393456,dt=0.018911},
	{cf=CFrame.new(-2.465088,-0.124245,-38.776001,0.000000,-0.000000,-1.000000,-0.000000,1.000000,0.000000,1.000000,-0.000000,0.000000),fov=46.400108,dt=0.018236},
	{cf=CFrame.new(-2.464355,-0.125124,-38.784912,0.000000,-0.000000,-1.000000,-0.000000,1.000000,0.000000,1.000000,-0.000000,0.000000),fov=46.406757,dt=0.016716},
	{cf=CFrame.new(-2.463745,-0.126003,-38.793823,0.000000,-0.000000,-1.000000,-0.000000,1.000000,0.000000,1.000000,-0.000000,0.000000),fov=46.413410,dt=0.017042},
	{cf=CFrame.new(-2.463257,-0.126881,-38.802490,0.000000,-0.000000,-1.000000,-0.000000,1.000000,0.000000,1.000000,-0.000000,0.000000),fov=46.420063,dt=0.016298},
	{cf=CFrame.new(-2.462524,-0.127907,-38.812866,0.000000,-0.000000,-1.000000,-0.000000,1.000000,0.000000,1.000000,0.000000,0.000000),fov=46.427826,dt=0.020315},
	{cf=CFrame.new(-2.461914,-0.128786,-38.821777,0.000000,0.000000,-1.000000,0.000000,1.000000,-0.000000,1.000000,-0.000000,0.000000),fov=46.434479,dt=0.014580},
	{cf=CFrame.new(-2.460449,-0.131227,-38.828003,0.000000,-0.000000,-1.000000,-0.000000,1.000000,-0.000000,1.000000,-0.000000,0.000000),fov=46.440022,dt=0.014725},
	{cf=CFrame.new(-2.458374,-0.134644,-38.836670,0.000000,0.000000,-1.000000,0.000000,1.000000,-0.000000,1.000000,0.000000,0.000000),fov=46.447781,dt=0.019406},
	{cf=CFrame.new(-2.456421,-0.138062,-38.845215,0.000000,-0.000000,-1.000000,0.000000,1.000000,-0.000000,1.000000,0.000000,0.000000),fov=46.455544,dt=0.020307},
	{cf=CFrame.new(-2.454590,-0.140993,-38.852783,0.000000,0.000000,-1.000000,-0.000000,1.000000,0.000000,1.000000,-0.000000,0.000000),fov=46.462193,dt=0.016073},
	{cf=CFrame.new(-2.453125,-0.143435,-38.859131,0.000000,-0.000000,-1.000000,-0.000000,1.000000,0.000000,1.000000,-0.000000,0.000000),fov=46.467739,dt=0.012545},
	{cf=CFrame.new(-2.451416,-0.146364,-38.866455,0.000000,-0.000000,-1.000000,-0.000000,1.000000,0.000000,1.000000,-0.000000,0.000000),fov=46.474388,dt=0.016531},
	{cf=CFrame.new(-2.449585,-0.149294,-38.874023,0.000000,0.000000,-1.000000,-0.000000,1.000000,-0.000000,1.000000,-0.000000,0.000000),fov=46.481041,dt=0.018646},
	{cf=CFrame.new(-2.447876,-0.152224,-38.881348,0.000000,-0.000000,-1.000000,-0.000000,1.000000,0.000000,1.000000,-0.000000,0.000000),fov=46.487690,dt=0.016184},
	{cf=CFrame.new(-2.446045,-0.155153,-38.888916,0.000000,0.000000,-1.000000,-0.000000,1.000000,0.000000,1.000000,-0.000000,0.000000),fov=46.494347,dt=0.016423},
	{cf=CFrame.new(-2.445190,-0.158083,-38.898682,0.000000,-0.000000,-1.000000,0.000000,1.000000,0.000000,1.000000,-0.000000,0.000000),fov=46.503216,dt=0.021763},
	{cf=CFrame.new(-2.447266,-0.158083,-38.904419,0.000000,0.000000,-1.000000,-0.000000,1.000000,-0.000000,1.000000,-0.000000,0.000000),fov=46.508759,dt=0.014022},
	{cf=CFrame.new(-2.449585,-0.158081,-38.911499,0.000000,-0.000000,-1.000000,-0.000000,1.000000,-0.000000,1.000000,-0.000000,0.000000),fov=46.515411,dt=0.016684},
	{cf=CFrame.new(-2.452148,-0.158083,-38.918335,0.000000,-0.000000,-1.000000,-0.000000,1.000000,-0.000000,1.000000,0.000000,0.000000),fov=46.522064,dt=0.015746},
	{cf=CFrame.new(-2.454468,-0.158081,-38.925415,0.000000,0.000000,-1.000000,-0.000000,1.000000,-0.000000,1.000000,-0.000000,0.000000),fov=46.528713,dt=0.018817},
	{cf=CFrame.new(-2.457031,-0.158083,-38.932251,0.000000,-0.000000,-1.000000,-0.000000,1.000000,0.000000,1.000000,-0.000000,0.000000),fov=46.535370,dt=0.015672},
	{cf=CFrame.new(-2.459351,-0.158083,-38.939331,0.000000,0.000000,-1.000000,-0.000000,1.000000,0.000000,1.000000,-0.000000,0.000000),fov=46.542019,dt=0.016435},
	{cf=CFrame.new(-2.461914,-0.158081,-38.946167,0.000000,-0.000000,-1.000000,-0.000000,1.000000,0.000000,1.000000,-0.000000,0.000000),fov=46.548672,dt=0.017250},
	{cf=CFrame.new(-2.464233,-0.158083,-38.953247,0.000000,-0.000000,-1.000000,-0.000000,1.000000,0.000000,1.000000,-0.000000,0.000000),fov=46.555325,dt=0.015577},
	{cf=CFrame.new(-2.466797,-0.158083,-38.960083,0.000000,-0.000000,-1.000000,-0.000000,1.000000,0.000000,1.000000,-0.000000,0.000000),fov=46.561974,dt=0.018022},
	{cf=CFrame.new(-2.468872,-0.157789,-38.967285,0.000000,-0.000000,-1.000000,-0.000000,1.000000,0.000000,1.000000,-0.000000,0.000000),fov=46.568623,dt=0.014763},
	{cf=CFrame.new(-2.468872,-0.156324,-38.973999,0.000000,0.000000,-1.000000,-0.000000,1.000000,0.000000,1.000000,0.000000,0.000000),fov=46.574169,dt=0.016589},
	{cf=CFrame.new(-2.468994,-0.154566,-38.981934,0.000000,0.000000,-1.000000,0.000000,1.000000,-0.000000,1.000000,0.000000,0.000000),fov=46.580822,dt=0.016546},
	{cf=CFrame.new(-2.469116,-0.152515,-38.991089,0.000000,-0.000000,-1.000000,-0.000000,1.000000,0.000000,1.000000,-0.000000,0.000000),fov=46.588585,dt=0.017772},
	{cf=CFrame.new(-2.469116,-0.150757,-38.999146,0.000000,-0.000000,-1.000000,-0.000000,1.000000,0.000000,1.000000,-0.000000,0.000000),fov=46.595238,dt=0.018224},
	{cf=CFrame.new(-2.469238,-0.148998,-39.007080,0.000000,-0.000000,-1.000000,-0.000000,1.000000,0.000000,1.000000,-0.000000,0.000000),fov=46.601887,dt=0.014822},
	{cf=CFrame.new(-2.469360,-0.147535,-39.013672,0.000000,-0.000000,-1.000000,-0.000000,1.000000,0.000000,1.000000,0.000000,0.000000),fov=46.607433,dt=0.014569},
	{cf=CFrame.new(-2.469482,-0.145777,-39.021484,0.000000,0.000000,-1.000000,0.000000,1.000000,-0.000000,1.000000,0.000000,0.000000),fov=46.614082,dt=0.017537},
	{cf=CFrame.new(-2.469604,-0.143726,-39.030884,0.000000,-0.000000,-1.000000,-0.000000,1.000000,0.000000,1.000000,0.000000,0.000000),fov=46.621849,dt=0.018774},
	{cf=CFrame.new(-2.469727,-0.141970,-39.038818,0.000000,0.000000,-1.000000,-0.000000,1.000000,-0.000000,1.000000,-0.000000,0.000000),fov=46.628498,dt=0.016036},
	{cf=CFrame.new(-2.469727,-0.140505,-39.045532,0.000000,0.000000,-1.000000,-0.000000,1.000000,-0.000000,1.000000,-0.000000,0.000000),fov=46.634037,dt=0.014275},
	{cf=CFrame.new(-2.470947,-0.138567,-39.051025,0.000000,-0.000000,-1.000000,-0.000000,1.000000,0.000000,1.000000,-0.000000,0.000000),fov=46.641800,dt=0.020057},
	{cf=CFrame.new(-2.472046,-0.136906,-39.055786,0.000000,-0.000000,-1.000000,-0.000000,1.000000,0.000000,1.000000,-0.000000,0.000000),fov=46.648453,dt=0.015978},
	{cf=CFrame.new(-2.473145,-0.135246,-39.060547,0.000000,-0.000000,-1.000000,-0.000000,1.000000,0.000000,1.000000,0.000000,0.000000),fov=46.655102,dt=0.016415},
	{cf=CFrame.new(-2.474243,-0.133587,-39.065063,0.000000,-0.000000,-1.000000,-0.000000,1.000000,0.000000,1.000000,-0.000000,0.000000),fov=46.661758,dt=0.017116},
	{cf=CFrame.new(-2.475342,-0.131926,-39.069824,0.000000,-0.000000,-1.000000,-0.000000,1.000000,-0.000000,1.000000,0.000000,0.000000),fov=46.668407,dt=0.015589},
	{cf=CFrame.new(-2.476196,-0.130541,-39.073853,0.000000,-0.000000,-1.000000,-0.000000,1.000000,0.000000,1.000000,-0.000000,0.000000),fov=46.673954,dt=0.015378},
	{cf=CFrame.new(-2.477173,-0.128883,-39.078613,0.000000,-0.000000,-1.000000,-0.000000,1.000000,0.000000,1.000000,-0.000000,0.000000),fov=46.680603,dt=0.015430},
	{cf=CFrame.new(-2.478394,-0.127224,-39.083130,0.000000,0.000000,-1.000000,0.000000,1.000000,-0.000000,1.000000,0.000000,0.000000),fov=46.687256,dt=0.016615},
	{cf=CFrame.new(-2.479492,-0.125563,-39.087891,0.000000,0.000000,-1.000000,-0.000000,1.000000,0.000000,1.000000,-0.000000,0.000000),fov=46.693905,dt=0.016511},
	{cf=CFrame.new(-2.480469,-0.123901,-39.092651,0.000000,0.000000,-1.000000,0.000000,1.000000,-0.000000,1.000000,0.000000,0.000000),fov=46.700562,dt=0.017149},
	{cf=CFrame.new(-2.478760,-0.125366,-39.101074,0.000000,0.000000,-1.000000,0.000000,1.000000,-0.000000,1.000000,0.000000,0.000000),fov=46.707214,dt=0.016822},
	{cf=CFrame.new(-2.476929,-0.126833,-39.109619,0.000000,0.000000,-1.000000,-0.000000,1.000000,-0.000000,1.000000,-0.000000,0.000000),fov=46.713863,dt=0.016357},
	{cf=CFrame.new(-2.475220,-0.128296,-39.118042,0.000000,0.000000,-1.000000,-0.000000,1.000000,-0.000000,1.000000,0.000000,0.000000),fov=46.720516,dt=0.016950},
	{cf=CFrame.new(-2.473389,-0.129763,-39.126465,0.000000,-0.000000,-1.000000,-0.000000,1.000000,0.000000,1.000000,-0.000000,0.000000),fov=46.727169,dt=0.016430},
	{cf=CFrame.new(-2.471436,-0.131470,-39.136230,0.000000,0.000000,-1.000000,0.000000,1.000000,-0.000000,1.000000,-0.000000,0.000000),fov=46.734928,dt=0.019343},
	{cf=CFrame.new(-2.469849,-0.132692,-39.143433,0.000000,0.000000,-1.000000,-0.000000,1.000000,0.000000,1.000000,0.000000,0.000000),fov=46.740475,dt=0.013596},
	{cf=CFrame.new(-2.468140,-0.134157,-39.151855,0.000000,-0.000000,-1.000000,-0.000000,1.000000,0.000000,1.000000,-0.000000,0.000000),fov=46.747124,dt=0.017130},
	{cf=CFrame.new(-2.466553,-0.135620,-39.160034,0.000000,-0.000000,-1.000000,-0.000000,1.000000,0.000000,1.000000,-0.000000,0.000000),fov=46.753780,dt=0.015928},
	{cf=CFrame.new(-2.464722,-0.137087,-39.168579,0.000000,-0.000000,-1.000000,-0.000000,1.000000,0.000000,1.000000,-0.000000,0.000000),fov=46.760429,dt=0.017503},
	{cf=CFrame.new(-2.463013,-0.138552,-39.177002,0.000000,0.000000,-1.000000,-0.000000,1.000000,0.000000,1.000000,-0.000000,0.000000),fov=46.767082,dt=0.017412},
	{cf=CFrame.new(-2.482056,-0.115276,-39.174316,0.000000,0.000000,-1.000000,-0.000000,1.000000,0.000000,1.000000,0.000000,0.000000),fov=46.773735,dt=0.015520},
	{cf=CFrame.new(-2.501343,-0.092001,-39.171631,0.000000,-0.000000,-1.000000,-0.000000,1.000000,0.000000,1.000000,0.000000,0.000000),fov=46.780384,dt=0.017023},
	{cf=CFrame.new(-2.490356,-0.126343,-39.171997,0.000000,0.000000,-1.000000,0.000000,1.000000,-0.000000,1.000000,0.000000,0.000000),fov=46.787033,dt=0.017658},
	{cf=CFrame.new(-2.479248,-0.160686,-39.172729,0.000000,-0.000000,-1.000000,0.000000,1.000000,0.000000,1.000000,0.000000,0.000000),fov=46.793690,dt=0.015524},
	{cf=CFrame.new(-2.481323,-0.145712,-39.187988,0.000000,0.000000,-1.000000,0.000000,1.000000,-0.000000,1.000000,-0.000000,0.000000),fov=46.800343,dt=0.017489},
	{cf=CFrame.new(-2.483398,-0.130737,-39.203369,0.000000,0.000000,-1.000000,-0.000000,1.000000,-0.000000,1.000000,-0.000000,0.000000),fov=46.806999,dt=0.016928},
	{cf=CFrame.new(-2.429810,-0.092327,-39.140991,0.000000,-0.000000,-1.000000,-0.000000,1.000000,0.000000,1.000000,-0.000000,0.000000),fov=46.813648,dt=0.015296},
	{cf=CFrame.new(-2.376221,-0.053915,-39.078613,0.000000,-0.000000,-1.000000,-0.000000,1.000000,0.000000,1.000000,-0.000000,0.000000),fov=46.820297,dt=0.018716},
	{cf=CFrame.new(-2.387817,-0.188368,-39.135864,0.020767,-0.000000,-0.999784,-0.000000,1.000000,0.000000,0.999784,-0.000000,0.020767),fov=46.826950,dt=0.014494},
	{cf=CFrame.new(-2.399292,-0.322823,-39.193115,0.041673,-0.000000,-0.999131,-0.000000,1.000000,0.000000,0.999131,0.000000,0.041673),fov=46.833603,dt=0.016994},
	{cf=CFrame.new(-2.487427,-0.342543,-39.238525,0.083162,-0.000000,-0.996536,-0.000000,1.000000,0.000000,0.996536,-0.000000,0.083162),fov=46.840252,dt=0.017742},
	{cf=CFrame.new(-2.575562,-0.362263,-39.283936,0.124645,-0.000000,-0.992201,-0.000000,1.000000,0.000000,0.992201,-0.000000,0.124645),fov=46.846909,dt=0.016334},
	{cf=CFrame.new(-2.579712,-0.293608,-39.400391,0.165838,0.000000,-0.986153,-0.000000,1.000000,-0.000000,0.986153,-0.000000,0.165838),fov=46.853558,dt=0.016341},
	{cf=CFrame.new(-2.583862,-0.224949,-39.516602,0.206799,-0.000000,-0.978383,-0.000000,1.000000,0.000000,0.978383,-0.000000,0.206799),fov=46.860210,dt=0.016391},
	{cf=CFrame.new(-2.746948,-0.322794,-39.349365,0.247259,0.000000,-0.968950,-0.000000,1.000000,-0.000000,0.968950,-0.000000,0.247259),fov=46.866863,dt=0.016990},
	{cf=CFrame.new(-2.910034,-0.420641,-39.181885,0.287484,0.000000,-0.957785,0.000000,1.000000,-0.000000,0.957785,-0.000000,0.287484),fov=46.873516,dt=0.016507},
	{cf=CFrame.new(-2.928711,-0.351496,-39.293701,0.327106,0.000000,-0.944988,-0.000000,1.000000,-0.000000,0.944988,0.000000,0.327106),fov=46.880169,dt=0.018266},
	{cf=CFrame.new(-2.947388,-0.282351,-39.405640,0.366080,-0.000000,-0.930584,-0.000000,1.000000,0.000000,0.930583,-0.000000,0.366080),fov=46.886818,dt=0.014975},
	{cf=CFrame.new(-3.939575,-0.238571,-37.824707,0.582639,0.000000,-0.812732,0.000000,1.000000,0.000000,0.812732,0.000000,0.582639),fov=46.893471,dt=0.016181},
	{cf=CFrame.new(-4.674316,-1.163548,-36.969360,0.763694,-0.000000,-0.645579,-0.000000,1.000000,-0.000000,0.645579,0.000000,0.763693),fov=46.900127,dt=0.017061},
	{cf=CFrame.new(-4.513550,-0.739887,-35.411011,0.898402,-0.000000,-0.439175,-0.000000,1.000000,-0.000000,0.439175,-0.000000,0.898402),fov=46.906776,dt=0.016738},
	{cf=CFrame.new(-4.513550,-0.739889,-35.411011,0.898402,-0.000000,-0.439175,-0.000000,1.000000,-0.000000,0.439175,-0.000000,0.898402),fov=46.913429,dt=0.017022},
	{cf=CFrame.new(0.000000,6.064915,3.129517,1.000000,0.000000,0.000000,-0.000000,0.923880,0.382683,-0.000000,-0.382683,0.923880),fov=52.898281,dt=0.025975},
	{cf=CFrame.new(-0.007812,15.715988,8.815796,1.000000,0.000000,0.000000,-0.000000,0.923880,0.382683,-0.000000,-0.382684,0.923880),fov=55.543076,dt=0.014543},
	{cf=CFrame.new(-0.016479,21.462717,12.590576,1.000000,0.000000,0.000000,-0.000000,0.923880,0.382684,-0.000000,-0.382684,0.923879),fov=57.304752,dt=0.011248},
	{cf=CFrame.new(-0.049805,50.959328,30.927124,1.000000,-0.000000,0.000000,0.000000,0.923880,0.382684,-0.000000,-0.382684,0.923880),fov=65.807449,dt=0.095903},
	{cf=CFrame.new(-0.128540,40.147633,34.127075,1.000000,-0.000000,0.000000,0.000000,0.923879,0.382684,-0.000000,-0.382684,0.923879),fov=67.533325,dt=0.045916},
	{cf=CFrame.new(-0.156128,37.123505,35.743408,1.000000,-0.000000,0.000000,0.000000,0.923879,0.382684,-0.000000,-0.382684,0.923880),fov=68.364853,dt=0.035589},
	{cf=CFrame.new(-0.172729,34.469418,36.220581,1.000000,-0.000000,0.000000,0.000000,0.923879,0.382684,-0.000000,-0.382684,0.923879),fov=68.640785,dt=0.015999},
	{cf=CFrame.new(-0.181396,33.786625,36.794678,1.000000,-0.000000,0.000000,-0.000000,0.923879,0.382684,-0.000000,-0.382684,0.923879),fov=68.929649,dt=0.020681},
	{cf=CFrame.new(-0.191406,32.729050,37.283936,1.000000,0.000000,0.000000,-0.000000,0.923879,0.382684,-0.000000,-0.382684,0.923879),fov=69.183960,dt=0.023482},
	{cf=CFrame.new(-0.201660,31.475573,37.659790,1.000000,-0.000000,0.000000,-0.000000,0.923879,0.382684,-0.000000,-0.382684,0.923879),fov=69.382881,dt=0.024184},
}

local accumulated = 0
local index = 1
local smoothRootCF = root.CFrame

RunService:BindToRenderStep('FollowCinematic', Enum.RenderPriority.Camera.Value + 1, function(dt)

	accumulated += dt

	smoothRootCF = root.CFrame

	while frames[index] and accumulated >= frames[index].dt do

		accumulated -= frames[index].dt

		local f = frames[index]

		camera.CFrame = smoothRootCF * f.cf
		camera.FieldOfView = f.fov

		index += 1

	end

	if not frames[index] then
		RunService:UnbindFromRenderStep('FollowCinematic')
		camera.CameraType = Enum.CameraType.Custom
	end

end)
